0 -4.51855e+00 -1.35067e+01
0 -4.51855e+00 -1.45533e+01
0 -4.51855e+00 -8.30659e+00
0 -4.51855e+00 -6.22167e+00
0 -4.51855e+00 -6.47876e+00
0 -4.51855e+00 -6.84252e+00
0 -4.51855e+00 -7.14873e+00
0 -4.51855e+00 -5.44569e+00
0 -4.51855e+00 -5.68049e+00
0 -4.51855e+00 -5.44149e+00
0 -4.51855e+00 -5.10433e+00
0 -4.51855e+00 -5.18769e+00
0 -4.51855e+00 -5.34726e+00
0 -4.51855e+00 -4.90202e+00
0 -4.51855e+00 -5.00342e+00
0 -4.51855e+00 -5.13046e+00
0 -4.51855e+00 -5.05726e+00
0 -4.51855e+00 -5.17092e+00
0 -4.51855e+00 -5.20510e+00
0 -4.51855e+00 -5.26929e+00
0 -4.51855e+00 -5.17985e+00
0 -4.51855e+00 -5.12820e+00
0 -4.51855e+00 -5.20944e+00
0 -4.51855e+00 -5.29404e+00
0 -4.51855e+00 -5.37555e+00
0 -4.51855e+00 -5.34290e+00
0 -4.51855e+00 -5.12359e+00
0 -4.51855e+00 -5.04799e+00
0 -4.51855e+00 -5.11009e+00
0 -4.51855e+00 -5.17779e+00
0 -4.51855e+00 -5.24311e+00
0 -4.51855e+00 -5.10806e+00
0 -4.51855e+00 -5.14959e+00
0 -4.51855e+00 -5.04776e+00
0 -4.51855e+00 -4.93529e+00
0 -4.51855e+00 -4.83968e+00
0 -4.51855e+00 -4.83530e+00
0 -4.51855e+00 -4.72784e+00
0 -4.51855e+00 -4.71191e+00
0 -4.51855e+00 -4.72488e+00
0 -4.51855e+00 -4.77275e+00
0 -4.51855e+00 -4.64009e+00
0 -4.51855e+00 -4.58094e+00
0 -4.51855e+00 -4.57504e+00
0 -4.51855e+00 -4.60599e+00
0 -4.51855e+00 -4.64912e+00
0 -4.51855e+00 -4.57599e+00
0 -4.51855e+00 -4.61770e+00
0 -4.51855e+00 -4.63806e+00
0 -4.51855e+00 -4.67570e+00
0 -4.51855e+00 -4.65463e+00
0 -4.51855e+00 -4.66634e+00
0 -4.51855e+00 -4.69273e+00
0 -4.51855e+00 -4.73009e+00
0 -4.51855e+00 -4.70891e+00
0 -4.51855e+00 -4.60966e+00
0 -4.51855e+00 -4.54644e+00
0 -4.51855e+00 -4.56787e+00
0 -4.51855e+00 -4.58341e+00
0 -4.51855e+00 -4.58271e+00
0 -4.51855e+00 -4.61572e+00
0 -4.51855e+00 -4.59683e+00
0 -4.51855e+00 -4.61131e+00
0 -4.51855e+00 -4.59757e+00
0 -4.51855e+00 -4.60120e+00
0 -4.51855e+00 -4.53430e+00
0 -4.51855e+00 -4.51548e+00
0 -4.51855e+00 -4.48542e+00
0 -4.51855e+00 -4.45956e+00
0 -4.51855e+00 -4.48709e+00
0 -4.51855e+00 -4.51546e+00
0 -4.51855e+00 -4.54302e+00
0 -4.51855e+00 -4.52404e+00
0 -4.51855e+00 -4.54941e+00
0 -4.51855e+00 -4.56744e+00
0 -4.51855e+00 -4.59318e+00
0 -4.51855e+00 -4.59019e+00
0 -4.51855e+00 -4.60573e+00
0 -4.51855e+00 -4.62802e+00
0 -4.51855e+00 -4.65300e+00
0 -4.51855e+00 -4.59863e+00
0 -4.51855e+00 -4.62307e+00
0 -4.51855e+00 -4.64433e+00
0 -4.51855e+00 -4.63860e+00
0 -4.51855e+00 -4.65963e+00
0 -4.51855e+00 -4.61672e+00
0 -4.51855e+00 -4.56897e+00
0 -4.51855e+00 -4.57246e+00
0 -4.51855e+00 -4.53706e+00
0 -4.51855e+00 -4.51152e+00
0 -4.51855e+00 -4.45619e+00
0 -4.51855e+00 -4.47380e+00
0 -4.51855e+00 -4.49539e+00
0 -4.51855e+00 -4.51586e+00
0 -4.51855e+00 -4.50133e+00
0 -4.51855e+00 -4.51536e+00
0 -4.51855e+00 -4.52555e+00
0 -4.51855e+00 -4.50871e+00
0 -4.51855e+00 -4.52807e+00
0 -4.51855e+00 -4.48592e+00
0 -4.51855e+00 -4.50514e+00
0 -4.51855e+00 -4.52460e+00
0 -4.51855e+00 -4.53945e+00
0 -4.51855e+00 -4.55749e+00
0 -4.51855e+00 -4.57343e+00
0 -4.51855e+00 -4.59103e+00
0 -4.51855e+00 -4.60054e+00
0 -4.51855e+00 -4.60543e+00
0 -4.51855e+00 -4.61818e+00
0 -4.51855e+00 -4.57455e+00
0 -4.51855e+00 -4.59208e+00
0 -4.51855e+00 -4.61002e+00
0 -4.51855e+00 -4.62779e+00
0 -4.51855e+00 -4.64209e+00
0 -4.51855e+00 -4.65189e+00
0 -4.51855e+00 -4.64492e+00
0 -4.51855e+00 -4.66181e+00
0 -4.51855e+00 -4.67851e+00
0 -4.51855e+00 -4.69538e+00
0 -4.51855e+00 -4.71056e+00
0 -4.51855e+00 -4.70859e+00
0 -4.51855e+00 -4.66558e+00
0 -4.51855e+00 -4.67442e+00
0 -4.51855e+00 -4.68947e+00
0 -4.51855e+00 -4.66700e+00
0 -4.51855e+00 -4.66013e+00
0 -4.51855e+00 -4.65778e+00
0 -4.51855e+00 -4.66511e+00
0 -4.51855e+00 -4.67980e+00
0 -4.51855e+00 -4.69254e+00
0 -4.51855e+00 -4.70776e+00
0 -4.51855e+00 -4.71745e+00
0 -4.51855e+00 -4.70278e+00
0 -4.51855e+00 -4.71722e+00
0 -4.51855e+00 -4.72853e+00
0 -4.51855e+00 -4.73031e+00
0 -4.51855e+00 -4.74426e+00
0 -4.51855e+00 -4.71346e+00
0 -4.51855e+00 -4.70402e+00
0 -4.51855e+00 -4.71834e+00
0 -4.51855e+00 -4.68545e+00
0 -4.51855e+00 -4.64982e+00
0 -4.51855e+00 -4.66155e+00
0 -4.51855e+00 -4.66972e+00
0 -4.51855e+00 -4.68353e+00
0 -4.51855e+00 -4.69722e+00
0 -4.51855e+00 -4.69939e+00
0 -4.51855e+00 -4.71188e+00
0 -4.51855e+00 -4.72302e+00
0 -4.51855e+00 -4.69475e+00
0 -4.51855e+00 -4.69637e+00
0 -4.51855e+00 -4.68038e+00
0 -4.51855e+00 -4.69346e+00
0 -4.51855e+00 -4.68520e+00
0 -4.51855e+00 -4.69762e+00
0 -4.51855e+00 -4.70824e+00
0 -4.51855e+00 -4.71084e+00
0 -4.51855e+00 -4.72241e+00
0 -4.51855e+00 -4.73500e+00
0 -4.51855e+00 -4.73009e+00
0 -4.51855e+00 -4.72284e+00
0 -4.51855e+00 -4.73492e+00
0 -4.51855e+00 -4.73182e+00
0 -4.51855e+00 -4.74405e+00
0 -4.51855e+00 -4.74851e+00
0 -4.51855e+00 -4.75160e+00
0 -4.51855e+00 -4.74971e+00
0 -4.51855e+00 -4.76005e+00
0 -4.51855e+00 -4.77191e+00
0 -4.51855e+00 -4.76316e+00
0 -4.51855e+00 -4.73523e+00
0 -4.51855e+00 -4.70089e+00
0 -4.51855e+00 -4.71201e+00
0 -4.51855e+00 -4.71792e+00
0 -4.51855e+00 -4.68543e+00
0 -4.51855e+00 -4.69049e+00
0 -4.51855e+00 -4.69735e+00
0 -4.51855e+00 -4.70834e+00
0 -4.51855e+00 -4.71903e+00
0 -4.51855e+00 -4.72934e+00
0 -4.51855e+00 -4.72689e+00
0 -4.51855e+00 -4.73777e+00
0 -4.51855e+00 -4.74673e+00
0 -4.51855e+00 -4.74824e+00
0 -4.51855e+00 -4.75898e+00
0 -4.51855e+00 -4.76030e+00
0 -4.51855e+00 -4.74176e+00
0 -4.51855e+00 -4.74937e+00
0 -4.51855e+00 -4.74294e+00
0 -4.51855e+00 -4.71655e+00
0 -4.51855e+00 -4.71422e+00
0 -4.51855e+00 -4.71793e+00
0 -4.51855e+00 -4.72831e+00
0 -4.51855e+00 -4.73276e+00
0 -4.51855e+00 -4.74002e+00
0 -4.51855e+00 -4.74950e+00
0 -4.51855e+00 -4.75748e+00
0 -4.51855e+00 -4.74933e+00
0 -4.51855e+00 -4.72047e+00
0 -4.51855e+00 -4.70131e+00
0 -4.51855e+00 -4.70545e+00
0 -4.51855e+00 -4.71524e+00
0 -4.51855e+00 -4.72427e+00
0 -4.51855e+00 -4.70292e+00
0 -4.51855e+00 -4.71060e+00
0 -4.51855e+00 -4.70794e+00
0 -4.51855e+00 -4.68943e+00
0 -4.51855e+00 -4.69796e+00
0 -4.51855e+00 -4.69951e+00
0 -4.51855e+00 -4.69121e+00
0 -4.51855e+00 -4.70061e+00
0 -4.51855e+00 -4.70531e+00
0 -4.51855e+00 -4.70067e+00
0 -4.51855e+00 -4.68829e+00
0 -4.51855e+00 -4.68449e+00
0 -4.51855e+00 -4.68771e+00
0 -4.51855e+00 -4.69670e+00
0 -4.51855e+00 -4.70252e+00
0 -4.51855e+00 -4.70704e+00
0 -4.51855e+00 -4.71396e+00
0 -4.51855e+00 -4.72288e+00
0 -4.51855e+00 -4.72861e+00
0 -4.51855e+00 -4.73750e+00
0 -4.51855e+00 -4.71830e+00
0 -4.51855e+00 -4.72461e+00
0 -4.51855e+00 -4.73156e+00
0 -4.51855e+00 -4.74012e+00
0 -4.51855e+00 -4.74861e+00
0 -4.51855e+00 -4.75728e+00
0 -4.51855e+00 -4.75383e+00
0 -4.51855e+00 -4.75939e+00
0 -4.51855e+00 -4.76803e+00
0 -4.51855e+00 -4.77505e+00
0 -4.51855e+00 -4.78358e+00
0 -4.51855e+00 -4.78788e+00
0 -4.51855e+00 -4.79252e+00
0 -4.51855e+00 -4.79951e+00
0 -4.51855e+00 -4.80793e+00
0 -4.51855e+00 -4.81473e+00
0 -4.51855e+00 -4.82253e+00
0 -4.51855e+00 -4.83084e+00
0 -4.51855e+00 -4.83040e+00
0 -4.51855e+00 -4.83860e+00
0 -4.51855e+00 -4.84549e+00
0 -4.51855e+00 -4.85252e+00
0 -4.51855e+00 -4.86036e+00
0 -4.51855e+00 -4.86112e+00
0 -4.51855e+00 -4.86903e+00
0 -4.51855e+00 -4.87705e+00
0 -4.51855e+00 -4.88496e+00
0 -4.51855e+00 -4.89101e+00
0 -4.51855e+00 -4.88162e+00
0 -4.51855e+00 -4.88945e+00
0 -4.51855e+00 -4.89727e+00
0 -4.51855e+00 -4.90426e+00
0 -4.51855e+00 -4.91155e+00
0 -4.51855e+00 -4.88956e+00
0 -4.51855e+00 -4.89721e+00
0 -4.51855e+00 -4.90133e+00
0 -4.51855e+00 -4.90898e+00
0 -4.51855e+00 -4.91548e+00
0 -4.51855e+00 -4.92310e+00
0 -4.51855e+00 -4.92832e+00
0 -4.51855e+00 -4.93207e+00
0 -4.51855e+00 -4.93820e+00
0 -4.51855e+00 -4.94418e+00
0 -4.51855e+00 -4.95164e+00
0 -4.51855e+00 -4.95907e+00
0 -4.51855e+00 -4.95298e+00
0 -4.51855e+00 -4.95430e+00
0 -4.51855e+00 -4.95275e+00
0 -4.51855e+00 -4.94673e+00
0 -4.51855e+00 -4.92230e+00
0 -4.51855e+00 -4.92844e+00
0 -4.51855e+00 -4.93521e+00
0 -4.51855e+00 -4.94187e+00
0 -4.51855e+00 -4.92269e+00
0 -4.51855e+00 -4.92799e+00
0 -4.51855e+00 -4.93487e+00
0 -4.51855e+00 -4.93556e+00
0 -4.51855e+00 -4.92917e+00
0 -4.51855e+00 -4.93619e+00
0 -4.51855e+00 -4.91289e+00
0 -4.51855e+00 -4.91700e+00
0 -4.51855e+00 -4.90102e+00
0 -4.51855e+00 -4.89212e+00
0 -4.51855e+00 -4.88736e+00
0 -4.51855e+00 -4.89192e+00
0 -4.51855e+00 -4.89878e+00
0 -4.51855e+00 -4.90561e+00
0 -4.51855e+00 -4.90997e+00
0 -4.51855e+00 -4.91681e+00
0 -4.51855e+00 -4.92365e+00
0 -4.51855e+00 -4.91574e+00
0 -4.51855e+00 -4.92246e+00
0 -4.51855e+00 -4.92740e+00
0 -4.51855e+00 -4.93406e+00
0 -4.51855e+00 -4.94078e+00
0 -4.51855e+00 -4.94748e+00
0 -4.51855e+00 -4.95091e+00
0 -4.51855e+00 -4.94139e+00
0 -4.51855e+00 -4.94668e+00
0 -4.51855e+00 -4.94888e+00
0 -4.51855e+00 -4.95546e+00
0 -4.51855e+00 -4.95447e+00
0 -4.51855e+00 -4.94335e+00
0 -4.51855e+00 -4.94524e+00
0 -4.51855e+00 -4.94015e+00
0 -4.51855e+00 -4.93907e+00
0 -4.51855e+00 -4.94523e+00
0 -4.51855e+00 -4.93381e+00
0 -4.51855e+00 -4.93345e+00
0 -4.51855e+00 -4.93805e+00
0 -4.51855e+00 -4.93195e+00
0 -4.51855e+00 -4.93141e+00
0 -4.51855e+00 -4.93581e+00
0 -4.51855e+00 -4.93893e+00
0 -4.51855e+00 -4.93509e+00
0 -4.51855e+00 -4.92418e+00
0 -4.51855e+00 -4.91138e+00
0 -4.51855e+00 -4.90631e+00
0 -4.51855e+00 -4.89578e+00
0 -4.51855e+00 -4.89693e+00
0 -4.51855e+00 -4.90299e+00
0 -4.51855e+00 -4.90812e+00
0 -4.51855e+00 -4.90616e+00
0 -4.51855e+00 -4.90982e+00
0 -4.51855e+00 -4.91419e+00
0 -4.51855e+00 -4.92022e+00
0 -4.51855e+00 -4.91547e+00
0 -4.51855e+00 -4.92149e+00
0 -4.51855e+00 -4.92702e+00
0 -4.51855e+00 -4.93253e+00
0 -4.51855e+00 -4.91759e+00
0 -4.51855e+00 -4.92357e+00
0 -4.51855e+00 -4.92161e+00
0 -4.51855e+00 -4.92458e+00
0 -4.51855e+00 -4.92420e+00
0 -4.51855e+00 -4.92083e+00
0 -4.51855e+00 -4.91091e+00
0 -4.51855e+00 -4.91679e+00
0 -4.51855e+00 -4.92259e+00
0 -4.51855e+00 -4.91315e+00
0 -4.51855e+00 -4.91893e+00
0 -4.51855e+00 -4.92472e+00
0 -4.51855e+00 -4.92906e+00
0 -4.51855e+00 -4.93476e+00
0 -4.51855e+00 -4.92770e+00
0 -4.51855e+00 -4.91724e+00
0 -4.51855e+00 -4.92084e+00
0 -4.51855e+00 -4.92387e+00
0 -4.51855e+00 -4.92904e+00
0 -4.51855e+00 -4.93249e+00
0 -4.51855e+00 -4.93516e+00
0 -4.51855e+00 -4.93387e+00
0 -4.51855e+00 -4.93941e+00
0 -4.51855e+00 -4.93382e+00
0 -4.51855e+00 -4.93656e+00
0 -4.51855e+00 -4.92795e+00
0 -4.51855e+00 -4.92877e+00
0 -4.51855e+00 -4.91746e+00
0 -4.51855e+00 -4.92298e+00
0 -4.51855e+00 -4.92803e+00
0 -4.51855e+00 -4.93156e+00
0 -4.51855e+00 -4.93699e+00
0 -4.51855e+00 -4.93364e+00
0 -4.51855e+00 -4.92784e+00
0 -4.51855e+00 -4.93089e+00
0 -4.51855e+00 -4.93618e+00
0 -4.51855e+00 -4.94063e+00
0 -4.51855e+00 -4.94588e+00
0 -4.51855e+00 -4.94843e+00
0 -4.51855e+00 -4.95349e+00
0 -4.51855e+00 -4.95884e+00
0 -4.51855e+00 -4.96029e+00
0 -4.51855e+00 -4.96540e+00
0 -4.51855e+00 -4.94735e+00
0 -4.51855e+00 -4.95238e+00
0 -4.51855e+00 -4.94068e+00
0 -4.51855e+00 -4.93768e+00
0 -4.51855e+00 -4.94293e+00
0 -4.51855e+00 -4.94558e+00
0 -4.51855e+00 -4.94806e+00
0 -4.51855e+00 -4.95322e+00
0 -4.51855e+00 -4.95832e+00
0 -4.51855e+00 -4.96119e+00
0 -4.51855e+00 -4.96624e+00
0 -4.51855e+00 -4.97005e+00
0 -4.51855e+00 -4.97520e+00
0 -4.51855e+00 -4.96686e+00
0 -4.51855e+00 -4.97192e+00
0 -4.51855e+00 -4.96891e+00
0 -4.51855e+00 -4.96666e+00
0 -4.51855e+00 -4.96711e+00
0 -4.51855e+00 -4.96488e+00
0 -4.51855e+00 -4.96809e+00
0 -4.51855e+00 -4.96037e+00
0 -4.51855e+00 -4.95383e+00
0 -4.51855e+00 -4.95609e+00
0 -4.51855e+00 -4.96106e+00
0 -4.51855e+00 -4.95965e+00
0 -4.51855e+00 -4.96382e+00
0 -4.51855e+00 -4.96571e+00
0 -4.51855e+00 -4.96476e+00
0 -4.51855e+00 -4.95404e+00
0 -4.51855e+00 -4.95769e+00
0 -4.51855e+00 -4.96200e+00
0 -4.51855e+00 -4.96235e+00
0 -4.51855e+00 -4.95817e+00
0 -4.51855e+00 -4.96294e+00
0 -4.51855e+00 -4.96532e+00
0 -4.51855e+00 -4.96976e+00
0 -4.51855e+00 -4.97268e+00
0 -4.51855e+00 -4.97281e+00
0 -4.51855e+00 -4.97762e+00
0 -4.51855e+00 -4.98215e+00
0 -4.51855e+00 -4.97521e+00
0 -4.51855e+00 -4.97691e+00
0 -4.51855e+00 -4.98109e+00
0 -4.51855e+00 -4.97128e+00
0 -4.51855e+00 -4.96791e+00
0 -4.51855e+00 -4.97255e+00
0 -4.51855e+00 -4.97692e+00
0 -4.51855e+00 -4.96850e+00
0 -4.51855e+00 -4.95909e+00
0 -4.51855e+00 -4.96293e+00
0 -4.51855e+00 -4.96613e+00
0 -4.51855e+00 -4.96971e+00
0 -4.51855e+00 -4.97282e+00
0 -4.51855e+00 -4.97737e+00
0 -4.51855e+00 -4.97166e+00
0 -4.51855e+00 -4.97620e+00
0 -4.51855e+00 -4.97725e+00
0 -4.51855e+00 -4.98177e+00
0 -4.51855e+00 -4.98637e+00
0 -4.51855e+00 -4.99089e+00
0 -4.51855e+00 -4.99346e+00
0 -4.51855e+00 -4.99769e+00
0 -4.51855e+00 -5.00011e+00
0 -4.51855e+00 -4.98579e+00
0 -4.51855e+00 -4.98966e+00
0 -4.51855e+00 -4.99345e+00
0 -4.51855e+00 -4.99790e+00
0 -4.51855e+00 -4.99716e+00
0 -4.51855e+00 -4.99848e+00
0 -4.51855e+00 -4.99993e+00
0 -4.51855e+00 -4.98564e+00
0 -4.51855e+00 -4.97831e+00
0 -4.51855e+00 -4.97282e+00
0 -4.51855e+00 -4.96924e+00
0 -4.51855e+00 -4.97244e+00
0 -4.51855e+00 -4.96016e+00
0 -4.51855e+00 -4.95990e+00
0 -4.51855e+00 -4.96155e+00
0 -4.51855e+00 -4.96595e+00
0 -4.51855e+00 -4.95733e+00
0 -4.51855e+00 -4.94288e+00
0 -4.51855e+00 -4.94724e+00
0 -4.51855e+00 -4.95157e+00
0 -4.51855e+00 -4.95585e+00
0 -4.51855e+00 -4.95237e+00
0 -4.51855e+00 -4.95530e+00
0 -4.51855e+00 -4.95918e+00
0 -4.51855e+00 -4.95000e+00
0 -4.51855e+00 -4.95413e+00
0 -4.51855e+00 -4.95595e+00
0 -4.51855e+00 -4.96016e+00
0 -4.51855e+00 -4.95488e+00
0 -4.51855e+00 -4.95912e+00
0 -4.51855e+00 -4.96187e+00
0 -4.51855e+00 -4.96609e+00
0 -4.51855e+00 -4.96881e+00
0 -4.51855e+00 -4.97292e+00
0 -4.51855e+00 -4.97160e+00
0 -4.51855e+00 -4.97502e+00
0 -4.51855e+00 -4.97914e+00
0 -4.51855e+00 -4.98287e+00
0 -4.51855e+00 -4.96889e+00
0 -4.51855e+00 -4.97243e+00
0 -4.51855e+00 -4.97352e+00
0 -4.51855e+00 -4.97724e+00
0 -4.51855e+00 -4.98139e+00
0 -4.51855e+00 -4.98454e+00
0 -4.51855e+00 -4.98621e+00
0 -4.51855e+00 -4.98966e+00
0 -4.51855e+00 -4.98856e+00
0 -4.51855e+00 -4.99266e+00
0 -4.51855e+00 -4.98598e+00
0 -4.51855e+00 -4.98353e+00
0 -4.51855e+00 -4.98419e+00
0 -4.51855e+00 -4.98826e+00
0 -4.51855e+00 -4.98944e+00
0 -4.51855e+00 -4.99347e+00
0 -4.51855e+00 -4.97966e+00
0 -4.51855e+00 -4.98321e+00
0 -4.51855e+00 -4.98501e+00
0 -4.51855e+00 -4.98903e+00
0 -4.51855e+00 -4.99172e+00
0 -4.51855e+00 -4.99046e+00
0 -4.51855e+00 -4.99336e+00
0 -4.51855e+00 -4.99652e+00
0 -4.51855e+00 -5.00049e+00
0 -4.51855e+00 -5.00428e+00
0 -4.51855e+00 -5.00774e+00
0 -4.51855e+00 -5.00115e+00
0 -4.51855e+00 -4.98770e+00
0 -4.51855e+00 -4.99160e+00
0 -4.51855e+00 -4.99458e+00
0 -4.51855e+00 -4.99849e+00
0 -4.51855e+00 -5.00237e+00
0 -4.51855e+00 -5.00629e+00
0 -4.51855e+00 -5.00906e+00
0 -4.51855e+00 -5.01140e+00
0 -4.51855e+00 -5.01486e+00
0 -4.51855e+00 -5.01805e+00
0 -4.51855e+00 -5.02182e+00
0 -4.51855e+00 -5.01006e+00
0 -4.51855e+00 -5.01392e+00
0 -4.51855e+00 -5.01749e+00
0 -4.51855e+00 -5.00507e+00
0 -4.51855e+00 -4.99245e+00
0 -4.51855e+00 -4.99629e+00
0 -4.51855e+00 -4.99423e+00
0 -4.51855e+00 -4.98537e+00
0 -4.51855e+00 -4.98827e+00
0 -4.51855e+00 -4.99194e+00
0 -4.51855e+00 -4.98609e+00
0 -4.51855e+00 -4.98215e+00
0 -4.51855e+00 -4.98579e+00
0 -4.51855e+00 -4.97397e+00
0 -4.51855e+00 -4.97747e+00
0 -4.51855e+00 -4.97986e+00
0 -4.51855e+00 -4.98097e+00
0 -4.51855e+00 -4.98408e+00
0 -4.51855e+00 -4.98551e+00
0 -4.51855e+00 -4.98923e+00
0 -4.51855e+00 -4.98262e+00
0 -4.51855e+00 -4.98470e+00
0 -4.51855e+00 -4.98624e+00
0 -4.51855e+00 -4.98370e+00
0 -4.51855e+00 -4.98739e+00
0 -4.51855e+00 -4.97524e+00
0 -4.51855e+00 -4.97865e+00
0 -4.51855e+00 -4.98226e+00
0 -4.51855e+00 -4.97984e+00
0 -4.51855e+00 -4.98262e+00
0 -4.51855e+00 -4.98564e+00
0 -4.51855e+00 -4.98762e+00
0 -4.51855e+00 -4.98878e+00
0 -4.51855e+00 -4.98799e+00
0 -4.51855e+00 -4.99152e+00
0 -4.51855e+00 -4.99472e+00
0 -4.51855e+00 -4.99828e+00
0 -4.51855e+00 -4.98696e+00
0 -4.51855e+00 -4.99049e+00
0 -4.51855e+00 -4.98672e+00
0 -4.51855e+00 -4.98854e+00
0 -4.51855e+00 -4.99178e+00
0 -4.51855e+00 -4.99530e+00
0 -4.51855e+00 -4.99129e+00
0 -4.51855e+00 -4.98467e+00
0 -4.51855e+00 -4.98287e+00
0 -4.51855e+00 -4.98341e+00
0 -4.51855e+00 -4.98420e+00
0 -4.51855e+00 -4.98357e+00
0 -4.51855e+00 -4.98218e+00
0 -4.51855e+00 -4.98041e+00
0 -4.51855e+00 -4.98369e+00
0 -4.51855e+00 -4.98293e+00
0 -4.51855e+00 -4.98424e+00
0 -4.51855e+00 -4.98746e+00
0 -4.51855e+00 -4.98028e+00
0 -4.51855e+00 -4.98373e+00
0 -4.51855e+00 -4.98384e+00
0 -4.51855e+00 -4.98020e+00
0 -4.51855e+00 -4.97930e+00
0 -4.51855e+00 -4.96740e+00
0 -4.51855e+00 -4.96772e+00
0 -4.51855e+00 -4.97096e+00
0 -4.51855e+00 -4.97440e+00
0 -4.51855e+00 -4.97779e+00
0 -4.51855e+00 -4.97989e+00
0 -4.51855e+00 -4.98053e+00
0 -4.51855e+00 -4.98388e+00
0 -4.51855e+00 -4.98586e+00
0 -4.51855e+00 -4.98917e+00
0 -4.51855e+00 -4.99258e+00
0 -4.51855e+00 -4.98447e+00
0 -4.51855e+00 -4.98714e+00
0 -4.51855e+00 -4.98499e+00
0 -4.51855e+00 -4.98396e+00
0 -4.51855e+00 -4.98686e+00
0 -4.51855e+00 -4.98805e+00
0 -4.51855e+00 -4.97799e+00
0 -4.51855e+00 -4.97862e+00
0 -4.51855e+00 -4.98193e+00
0 -4.51855e+00 -4.97457e+00
0 -4.51855e+00 -4.96539e+00
0 -4.51855e+00 -4.96322e+00
0 -4.51855e+00 -4.96613e+00
0 -4.51855e+00 -4.96941e+00
0 -4.51855e+00 -4.96970e+00
0 -4.51855e+00 -4.97292e+00
0 -4.51855e+00 -4.97621e+00
0 -4.51855e+00 -4.97903e+00
0 -4.51855e+00 -4.97949e+00
0 -4.51855e+00 -4.97974e+00
0 -4.51855e+00 -4.96995e+00
0 -4.51855e+00 -4.97266e+00
0 -4.51855e+00 -4.96507e+00
0 -4.51855e+00 -4.96832e+00
0 -4.51855e+00 -4.95815e+00
0 -4.51855e+00 -4.96141e+00
0 -4.51855e+00 -4.96157e+00
0 -4.51855e+00 -4.96026e+00
0 -4.51855e+00 -4.95374e+00
0 -4.51855e+00 -4.95068e+00
0 -4.51855e+00 -4.94591e+00
0 -4.51855e+00 -4.94178e+00
0 -4.51855e+00 -4.94439e+00
0 -4.51855e+00 -4.94732e+00
0 -4.51855e+00 -4.95041e+00
0 -4.51855e+00 -4.94194e+00
0 -4.51855e+00 -4.93969e+00
0 -4.51855e+00 -4.94289e+00
0 -4.51855e+00 -4.94560e+00
0 -4.51855e+00 -4.94796e+00
0 -4.51855e+00 -4.95113e+00
0 -4.51855e+00 -4.95172e+00
0 -4.51855e+00 -4.94797e+00
0 -4.51855e+00 -4.94984e+00
0 -4.51855e+00 -4.94133e+00
0 -4.51855e+00 -4.93525e+00
0 -4.51855e+00 -4.93727e+00
0 -4.51855e+00 -4.93962e+00
0 -4.51855e+00 -4.94150e+00
0 -4.51855e+00 -4.94110e+00
0 -4.51855e+00 -4.93860e+00
0 -4.51855e+00 -4.92916e+00
0 -4.51855e+00 -4.92452e+00
0 -4.51855e+00 -4.91948e+00
0 -4.51855e+00 -4.91585e+00
0 -4.51855e+00 -4.91834e+00
0 -4.51855e+00 -4.92134e+00
0 -4.51855e+00 -4.92357e+00
0 -4.51855e+00 -4.91343e+00
0 -4.51855e+00 -4.91603e+00
0 -4.51855e+00 -4.91912e+00
0 -4.51855e+00 -4.92169e+00
0 -4.51855e+00 -4.92443e+00
0 -4.51855e+00 -4.92424e+00
0 -4.51855e+00 -4.92729e+00
0 -4.51855e+00 -4.92648e+00
0 -4.51855e+00 -4.92928e+00
0 -4.51855e+00 -4.93233e+00
0 -4.51855e+00 -4.93533e+00
0 -4.51855e+00 -4.92827e+00
0 -4.51855e+00 -4.92575e+00
0 -4.51855e+00 -4.92866e+00
0 -4.51855e+00 -4.93064e+00
0 -4.51855e+00 -4.93366e+00
0 -4.51855e+00 -4.93669e+00
0 -4.51855e+00 -4.93090e+00
0 -4.51855e+00 -4.93373e+00
0 -4.51855e+00 -4.92667e+00
0 -4.51855e+00 -4.92887e+00
0 -4.51855e+00 -4.92966e+00
0 -4.51855e+00 -4.93231e+00
0 -4.51855e+00 -4.93197e+00
0 -4.51855e+00 -4.92294e+00
0 -4.51855e+00 -4.92591e+00
0 -4.51855e+00 -4.92628e+00
0 -4.51855e+00 -4.92833e+00
0 -4.51855e+00 -4.92435e+00
0 -4.51855e+00 -4.92637e+00
0 -4.51855e+00 -4.92719e+00
0 -4.51855e+00 -4.93009e+00
0 -4.51855e+00 -4.93105e+00
0 -4.51855e+00 -4.93113e+00
0 -4.51855e+00 -4.92201e+00
0 -4.51855e+00 -4.92495e+00
0 -4.51855e+00 -4.91751e+00
0 -4.51855e+00 -4.90887e+00
0 -4.51855e+00 -4.91172e+00
0 -4.51855e+00 -4.90402e+00
0 -4.51855e+00 -4.90342e+00
0 -4.51855e+00 -4.90633e+00
0 -4.51855e+00 -4.90781e+00
0 -4.51855e+00 -4.91038e+00
0 -4.51855e+00 -4.91323e+00
0 -4.51855e+00 -4.90964e+00
0 -4.51855e+00 -4.90157e+00
0 -4.51855e+00 -4.90446e+00
0 -4.51855e+00 -4.90374e+00
0 -4.51855e+00 -4.90589e+00
0 -4.51855e+00 -4.90844e+00
0 -4.51855e+00 -4.91037e+00
0 -4.51855e+00 -4.91297e+00
0 -4.51855e+00 -4.91581e+00
0 -4.51855e+00 -4.91803e+00
0 -4.51855e+00 -4.92088e+00
0 -4.51855e+00 -4.92372e+00
0 -4.51855e+00 -4.92047e+00
0 -4.51855e+00 -4.92291e+00
0 -4.51855e+00 -4.92104e+00
0 -4.51855e+00 -4.92377e+00
0 -4.51855e+00 -4.92567e+00
0 -4.51855e+00 -4.92568e+00
0 -4.51855e+00 -4.92582e+00
0 -4.51855e+00 -4.92804e+00
0 -4.51855e+00 -4.93080e+00
0 -4.51855e+00 -4.93040e+00
0 -4.51855e+00 -4.93309e+00
0 -4.51855e+00 -4.92637e+00
0 -4.51855e+00 -4.92916e+00
0 -4.51855e+00 -4.92629e+00
0 -4.51855e+00 -4.92907e+00
0 -4.51855e+00 -4.93075e+00
0 -4.51855e+00 -4.92131e+00
0 -4.51855e+00 -4.91755e+00
0 -4.51855e+00 -4.91313e+00
0 -4.51855e+00 -4.91479e+00
0 -4.51855e+00 -4.91711e+00
0 -4.51855e+00 -4.91782e+00
0 -4.51855e+00 -4.92047e+00
0 -4.51855e+00 -4.92194e+00
0 -4.51855e+00 -4.92363e+00
0 -4.51855e+00 -4.91668e+00
0 -4.51855e+00 -4.91334e+00
0 -4.51855e+00 -4.91609e+00
0 -4.51855e+00 -4.91879e+00
0 -4.51855e+00 -4.91142e+00
0 -4.51855e+00 -4.91415e+00
0 -4.51855e+00 -4.91688e+00
0 -4.51855e+00 -4.91294e+00
0 -4.51855e+00 -4.90587e+00
0 -4.51855e+00 -4.90120e+00
0 -4.51855e+00 -4.89380e+00
0 -4.51855e+00 -4.89647e+00
0 -4.51855e+00 -4.89916e+00
0 -4.51855e+00 -4.90181e+00
0 -4.51855e+00 -4.90423e+00
0 -4.51855e+00 -4.89816e+00
0 -4.51855e+00 -4.89889e+00
0 -4.51855e+00 -4.89847e+00
0 -4.51855e+00 -4.90099e+00
0 -4.51855e+00 -4.90336e+00
0 -4.51855e+00 -4.90503e+00
0 -4.51855e+00 -4.90552e+00
0 -4.51855e+00 -4.90800e+00
0 -4.51855e+00 -4.90939e+00
0 -4.51855e+00 -4.91205e+00
0 -4.51855e+00 -4.90562e+00
0 -4.51855e+00 -4.90495e+00
0 -4.51855e+00 -4.90690e+00
0 -4.51855e+00 -4.90456e+00
0 -4.51855e+00 -4.90690e+00
0 -4.51855e+00 -4.90954e+00
0 -4.51855e+00 -4.91173e+00
0 -4.51855e+00 -4.90716e+00
0 -4.51855e+00 -4.90962e+00
0 -4.51855e+00 -4.91111e+00
0 -4.51855e+00 -4.91353e+00
0 -4.51855e+00 -4.91615e+00
0 -4.51855e+00 -4.91871e+00
0 -4.51855e+00 -4.91329e+00
0 -4.51855e+00 -4.91052e+00
0 -4.51855e+00 -4.91120e+00
0 -4.51855e+00 -4.90296e+00
0 -4.51855e+00 -4.90494e+00
0 -4.51855e+00 -4.90239e+00
0 -4.51855e+00 -4.89688e+00
0 -4.51855e+00 -4.89684e+00
0 -4.51855e+00 -4.89216e+00
0 -4.51855e+00 -4.89473e+00
0 -4.51855e+00 -4.89588e+00
0 -4.51855e+00 -4.89419e+00
0 -4.51855e+00 -4.89676e+00
0 -4.51855e+00 -4.89932e+00
0 -4.51855e+00 -4.90189e+00
0 -4.51855e+00 -4.90289e+00
0 -4.51855e+00 -4.90068e+00
0 -4.51855e+00 -4.89546e+00
0 -4.51855e+00 -4.89800e+00
0 -4.51855e+00 -4.90054e+00
0 -4.51855e+00 -4.90305e+00
0 -4.51855e+00 -4.90025e+00
0 -4.51855e+00 -4.90277e+00
0 -4.51855e+00 -4.90487e+00
0 -4.51855e+00 -4.89795e+00
0 -4.51855e+00 -4.89884e+00
0 -4.51855e+00 -4.90135e+00
0 -4.51855e+00 -4.89686e+00
0 -4.51855e+00 -4.89655e+00
0 -4.51855e+00 -4.89898e+00
0 -4.51855e+00 -4.89846e+00
0 -4.51855e+00 -4.89808e+00
0 -4.51855e+00 -4.89824e+00
0 -4.51855e+00 -4.89370e+00
0 -4.51855e+00 -4.89482e+00
0 -4.51855e+00 -4.89564e+00
0 -4.51855e+00 -4.88918e+00
0 -4.51855e+00 -4.89089e+00
0 -4.51855e+00 -4.89336e+00
0 -4.51855e+00 -4.89546e+00
0 -4.51855e+00 -4.89326e+00
0 -4.51855e+00 -4.89569e+00
0 -4.51855e+00 -4.89801e+00
0 -4.51855e+00 -4.89618e+00
0 -4.51855e+00 -4.88915e+00
0 -4.51855e+00 -4.88949e+00
0 -4.51855e+00 -4.89172e+00
0 -4.51855e+00 -4.89360e+00
0 -4.51855e+00 -4.89325e+00
0 -4.51855e+00 -4.88676e+00
0 -4.51855e+00 -4.88730e+00
0 -4.51855e+00 -4.88935e+00
0 -4.51855e+00 -4.88846e+00
0 -4.51855e+00 -4.89083e+00
0 -4.51855e+00 -4.88951e+00
0 -4.51855e+00 -4.89170e+00
0 -4.51855e+00 -4.89326e+00
0 -4.51855e+00 -4.89452e+00
0 -4.51855e+00 -4.89671e+00
0 -4.51855e+00 -4.89701e+00
0 -4.51855e+00 -4.89767e+00
0 -4.51855e+00 -4.89919e+00
0 -4.51855e+00 -4.89583e+00
0 -4.51855e+00 -4.89817e+00
0 -4.51855e+00 -4.89795e+00
0 -4.51855e+00 -4.89239e+00
0 -4.51855e+00 -4.89193e+00
0 -4.51855e+00 -4.89433e+00
0 -4.51855e+00 -4.89469e+00
0 -4.51855e+00 -4.89649e+00
0 -4.51855e+00 -4.89342e+00
0 -4.51855e+00 -4.88659e+00
0 -4.51855e+00 -4.88890e+00
0 -4.51855e+00 -4.88814e+00
0 -4.51855e+00 -4.89033e+00
0 -4.51855e+00 -4.89187e+00
0 -4.51855e+00 -4.89134e+00
0 -4.51855e+00 -4.88454e+00
0 -4.51855e+00 -4.88686e+00
0 -4.51855e+00 -4.88917e+00
0 -4.51855e+00 -4.88791e+00
0 -4.51855e+00 -4.89005e+00
0 -4.51855e+00 -4.89073e+00
0 -4.51855e+00 -4.89130e+00
0 -4.51855e+00 -4.89289e+00
0 -4.51855e+00 -4.89456e+00
0 -4.51855e+00 -4.89651e+00
0 -4.51855e+00 -4.88902e+00
0 -4.51855e+00 -4.89084e+00
0 -4.51855e+00 -4.89059e+00
0 -4.51855e+00 -4.88504e+00
0 -4.51855e+00 -4.88379e+00
0 -4.51855e+00 -4.88611e+00
0 -4.51855e+00 -4.88187e+00
0 -4.51855e+00 -4.88326e+00
0 -4.51855e+00 -4.88049e+00
0 -4.51855e+00 -4.87590e+00
0 -4.51855e+00 -4.86830e+00
0 -4.51855e+00 -4.86643e+00
0 -4.51855e+00 -4.86874e+00
0 -4.51855e+00 -4.87105e+00
0 -4.51855e+00 -4.86431e+00
0 -4.51855e+00 -4.86637e+00
0 -4.51855e+00 -4.86866e+00
0 -4.51855e+00 -4.87074e+00
0 -4.51855e+00 -4.87293e+00
0 -4.51855e+00 -4.87520e+00
0 -4.51855e+00 -4.87715e+00
0 -4.51855e+00 -4.87410e+00
0 -4.51855e+00 -4.87534e+00
0 -4.51855e+00 -4.86912e+00
0 -4.51855e+00 -4.86348e+00
0 -4.51855e+00 -4.85872e+00
0 -4.51855e+00 -4.85600e+00
0 -4.51855e+00 -4.85819e+00
0 -4.51855e+00 -4.85893e+00
0 -4.51855e+00 -4.85208e+00
0 -4.51855e+00 -4.85417e+00
0 -4.51855e+00 -4.85637e+00
0 -4.51855e+00 -4.85345e+00
0 -4.51855e+00 -4.85571e+00
0 -4.51855e+00 -4.85764e+00
0 -4.51855e+00 -4.85944e+00
0 -4.51855e+00 -4.86117e+00
0 -4.51855e+00 -4.86176e+00
0 -4.51855e+00 -4.86364e+00
0 -4.51855e+00 -4.86566e+00
0 -4.51855e+00 -4.86774e+00
0 -4.51855e+00 -4.86980e+00
0 -4.51855e+00 -4.87189e+00
0 -4.51855e+00 -4.87181e+00
0 -4.51855e+00 -4.87402e+00
0 -4.51855e+00 -4.87011e+00
0 -4.51855e+00 -4.87126e+00
0 -4.51855e+00 -4.86641e+00
0 -4.51855e+00 -4.86422e+00
0 -4.51855e+00 -4.86616e+00
0 -4.51855e+00 -4.86286e+00
0 -4.51855e+00 -4.86440e+00
0 -4.51855e+00 -4.86660e+00
0 -4.51855e+00 -4.86874e+00
0 -4.51855e+00 -4.86288e+00
0 -4.51855e+00 -4.86507e+00
0 -4.51855e+00 -4.86120e+00
0 -4.51855e+00 -4.85804e+00
0 -4.51855e+00 -4.86023e+00
0 -4.51855e+00 -4.86243e+00
0 -4.51855e+00 -4.86459e+00
0 -4.51855e+00 -4.86677e+00
0 -4.51855e+00 -4.86895e+00
0 -4.51855e+00 -4.86534e+00
0 -4.51855e+00 -4.86480e+00
0 -4.51855e+00 -4.86694e+00
0 -4.51855e+00 -4.86777e+00
0 -4.51855e+00 -4.86933e+00
0 -4.51855e+00 -4.86966e+00
0 -4.51855e+00 -4.87067e+00
0 -4.51855e+00 -4.87054e+00
0 -4.51855e+00 -4.86879e+00
0 -4.51855e+00 -4.87095e+00
0 -4.51855e+00 -4.87139e+00
0 -4.51855e+00 -4.87345e+00
0 -4.51855e+00 -4.87011e+00
0 -4.51855e+00 -4.87175e+00
0 -4.51855e+00 -4.87342e+00
0 -4.51855e+00 -4.87550e+00
0 -4.51855e+00 -4.87716e+00
0 -4.51855e+00 -4.87928e+00
0 -4.51855e+00 -4.87783e+00
0 -4.51855e+00 -4.87976e+00
0 -4.51855e+00 -4.87874e+00
0 -4.51855e+00 -4.88084e+00
0 -4.51855e+00 -4.88297e+00
0 -4.51855e+00 -4.88324e+00
0 -4.51855e+00 -4.88534e+00
0 -4.51855e+00 -4.88651e+00
0 -4.51855e+00 -4.88862e+00
0 -4.51855e+00 -4.88645e+00
0 -4.51855e+00 -4.88197e+00
0 -4.51855e+00 -4.88406e+00
0 -4.51855e+00 -4.88617e+00
0 -4.51855e+00 -4.88744e+00
0 -4.51855e+00 -4.88289e+00
0 -4.51855e+00 -4.88472e+00
0 -4.51855e+00 -4.88208e+00
0 -4.51855e+00 -4.88419e+00
0 -4.51855e+00 -4.88629e+00
0 -4.51855e+00 -4.88330e+00
0 -4.51855e+00 -4.88322e+00
0 -4.51855e+00 -4.88487e+00
0 -4.51855e+00 -4.88509e+00
0 -4.51855e+00 -4.88581e+00
0 -4.51855e+00 -4.88744e+00
0 -4.51855e+00 -4.88892e+00
0 -4.51855e+00 -4.89096e+00
0 -4.51855e+00 -4.89217e+00
0 -4.51855e+00 -4.89414e+00
0 -4.51855e+00 -4.89622e+00
0 -4.51855e+00 -4.89778e+00
0 -4.51855e+00 -4.89835e+00
0 -4.51855e+00 -4.90001e+00
0 -4.51855e+00 -4.90160e+00
0 -4.51855e+00 -4.89467e+00
0 -4.51855e+00 -4.89209e+00
0 -4.51855e+00 -4.88961e+00
0 -4.51855e+00 -4.89164e+00
0 -4.51855e+00 -4.89166e+00
0 -4.51855e+00 -4.89182e+00
0 -4.51855e+00 -4.89290e+00
0 -4.51855e+00 -4.89489e+00
0 -4.51855e+00 -4.89694e+00
0 -4.51855e+00 -4.89657e+00
0 -4.51855e+00 -4.89852e+00
0 -4.51855e+00 -4.89457e+00
0 -4.51855e+00 -4.89305e+00
0 -4.51855e+00 -4.89499e+00
0 -4.51855e+00 -4.89661e+00
0 -4.51855e+00 -4.89856e+00
0 -4.51855e+00 -4.90021e+00
0 -4.51855e+00 -4.90172e+00
0 -4.51855e+00 -4.90313e+00
0 -4.51855e+00 -4.90511e+00
0 -4.51855e+00 -4.90713e+00
0 -4.51855e+00 -4.90658e+00
0 -4.51855e+00 -4.90829e+00
0 -4.51855e+00 -4.90299e+00
0 -4.51855e+00 -4.90253e+00
0 -4.51855e+00 -4.90453e+00
0 -4.51855e+00 -4.90603e+00
0 -4.51855e+00 -4.90705e+00
0 -4.51855e+00 -4.90829e+00
0 -4.51855e+00 -4.90470e+00
0 -4.51855e+00 -4.89799e+00
0 -4.51855e+00 -4.89978e+00
0 -4.51855e+00 -4.89663e+00
0 -4.51855e+00 -4.89713e+00
0 -4.51855e+00 -4.89464e+00
0 -4.51855e+00 -4.88858e+00
0 -4.51855e+00 -4.89006e+00
0 -4.51855e+00 -4.89205e+00
0 -4.51855e+00 -4.89335e+00
0 -4.51855e+00 -4.89532e+00
0 -4.51855e+00 -4.89638e+00
0 -4.51855e+00 -4.89814e+00
0 -4.51855e+00 -4.90012e+00
0 -4.51855e+00 -4.90065e+00
0 -4.51855e+00 -4.90198e+00
0 -4.51855e+00 -4.90394e+00
0 -4.51855e+00 -4.90548e+00
0 -4.51855e+00 -4.90713e+00
0 -4.51855e+00 -4.90906e+00
0 -4.51855e+00 -4.90526e+00
0 -4.51855e+00 -4.90569e+00
0 -4.51855e+00 -4.90765e+00
0 -4.51855e+00 -4.90404e+00
0 -4.51855e+00 -4.90289e+00
0 -4.51855e+00 -4.90477e+00
0 -4.51855e+00 -4.90409e+00
0 -4.51855e+00 -4.90584e+00
0 -4.51855e+00 -4.90707e+00
0 -4.51855e+00 -4.90894e+00
0 -4.51855e+00 -4.90536e+00
0 -4.51855e+00 -4.90692e+00
0 -4.51855e+00 -4.90876e+00
0 -4.51855e+00 -4.90778e+00
0 -4.51855e+00 -4.90972e+00
0 -4.51855e+00 -4.91152e+00
0 -4.51855e+00 -4.91341e+00
0 -4.51855e+00 -4.91535e+00
0 -4.51855e+00 -4.91683e+00
0 -4.51855e+00 -4.91858e+00
0 -4.51855e+00 -4.92047e+00
0 -4.51855e+00 -4.92065e+00
0 -4.51855e+00 -4.92242e+00
0 -4.51855e+00 -4.92350e+00
0 -4.51855e+00 -4.92425e+00
0 -4.51855e+00 -4.92616e+00
0 -4.51855e+00 -4.92766e+00
0 -4.51855e+00 -4.92848e+00
0 -4.51855e+00 -4.93008e+00
0 -4.51855e+00 -4.93190e+00
0 -4.51855e+00 -4.93381e+00
0 -4.51855e+00 -4.93571e+00
0 -4.51855e+00 -4.93762e+00
0 -4.51855e+00 -4.93757e+00
0 -4.51855e+00 -4.93941e+00
0 -4.51855e+00 -4.93914e+00
0 -4.51855e+00 -4.94102e+00
0 -4.51855e+00 -4.94288e+00
0 -4.51855e+00 -4.94434e+00
0 -4.51855e+00 -4.94112e+00
0 -4.51855e+00 -4.94301e+00
0 -4.51855e+00 -4.94314e+00
0 -4.51855e+00 -4.94002e+00
0 -4.51855e+00 -4.94151e+00
0 -4.51855e+00 -4.93889e+00
0 -4.51855e+00 -4.94074e+00
0 -4.51855e+00 -4.93744e+00
0 -4.51855e+00 -4.93931e+00
0 -4.51855e+00 -4.93933e+00
0 -4.51855e+00 -4.94092e+00
0 -4.51855e+00 -4.93865e+00
0 -4.51855e+00 -4.93521e+00
0 -4.51855e+00 -4.93703e+00
0 -4.51855e+00 -4.93889e+00
0 -4.51855e+00 -4.93255e+00
0 -4.51855e+00 -4.93202e+00
0 -4.51855e+00 -4.93299e+00
0 -4.51855e+00 -4.93466e+00
0 -4.51855e+00 -4.93125e+00
0 -4.51855e+00 -4.93309e+00
0 -4.51855e+00 -4.92894e+00
0 -4.51855e+00 -4.93069e+00
0 -4.51855e+00 -4.93251e+00
0 -4.51855e+00 -4.93309e+00
0 -4.51855e+00 -4.93464e+00
0 -4.51855e+00 -4.93633e+00
0 -4.51855e+00 -4.93818e+00
0 -4.51855e+00 -4.93855e+00
0 -4.51855e+00 -4.93838e+00
0 -4.51855e+00 -4.94009e+00
0 -4.51855e+00 -4.94079e+00
0 -4.51855e+00 -4.94263e+00
0 -4.51855e+00 -4.94415e+00
0 -4.51855e+00 -4.94598e+00
0 -4.51855e+00 -4.94661e+00
0 -4.51855e+00 -4.94653e+00
0 -4.51855e+00 -4.94832e+00
0 -4.51855e+00 -4.95015e+00
0 -4.51855e+00 -4.95146e+00
0 -4.51855e+00 -4.95314e+00
0 -4.51855e+00 -4.94801e+00
0 -4.51855e+00 -4.94970e+00
0 -4.51855e+00 -4.95057e+00
0 -4.51855e+00 -4.95224e+00
0 -4.51855e+00 -4.95394e+00
0 -4.51855e+00 -4.95234e+00
0 -4.51855e+00 -4.95381e+00
0 -4.51855e+00 -4.95552e+00
0 -4.51855e+00 -4.95677e+00
0 -4.51855e+00 -4.95812e+00
0 -4.51855e+00 -4.95916e+00
0 -4.51855e+00 -4.95814e+00
0 -4.51855e+00 -4.95959e+00
0 -4.51855e+00 -4.96132e+00
0 -4.51855e+00 -4.96312e+00
0 -4.51855e+00 -4.96488e+00
0 -4.51855e+00 -4.96128e+00
0 -4.51855e+00 -4.96022e+00
0 -4.51855e+00 -4.96163e+00
0 -4.51855e+00 -4.96340e+00
0 -4.51855e+00 -4.96026e+00
0 -4.51855e+00 -4.96205e+00
0 -4.51855e+00 -4.96311e+00
0 -4.51855e+00 -4.96490e+00
0 -4.51855e+00 -4.96599e+00
0 -4.51855e+00 -4.96760e+00
0 -4.51855e+00 -4.96925e+00
0 -4.51855e+00 -4.97095e+00
0 -4.51855e+00 -4.97258e+00
0 -4.51855e+00 -4.96644e+00
0 -4.51855e+00 -4.96689e+00
0 -4.51855e+00 -4.96522e+00
0 -4.51855e+00 -4.96551e+00
0 -4.51855e+00 -4.96675e+00
0 -4.51855e+00 -4.96435e+00
0 -4.51855e+00 -4.96575e+00
0 -4.51855e+00 -4.96744e+00
0 -4.51855e+00 -4.96914e+00
0 -4.51855e+00 -4.96611e+00
0 -4.51855e+00 -4.96268e+00
0 -4.51855e+00 -4.96338e+00
0 -4.51855e+00 -4.96461e+00
0 -4.51855e+00 -4.96625e+00
0 -4.51855e+00 -4.96797e+00
0 -4.51855e+00 -4.96769e+00
0 -4.51855e+00 -4.96688e+00
0 -4.51855e+00 -4.96834e+00
0 -4.51855e+00 -4.96869e+00
0 -4.51855e+00 -4.96983e+00
0 -4.51855e+00 -4.97115e+00
0 -4.51855e+00 -4.97262e+00
0 -4.51855e+00 -4.97286e+00
0 -4.51855e+00 -4.97458e+00
0 -4.51855e+00 -4.97288e+00
0 -4.51855e+00 -4.97430e+00
0 -4.51855e+00 -4.96938e+00
0 -4.51855e+00 -4.97019e+00
0 -4.51855e+00 -4.97144e+00
0 -4.51855e+00 -4.97135e+00
0 -4.51855e+00 -4.96999e+00
0 -4.51855e+00 -4.97132e+00
0 -4.51855e+00 -4.97114e+00
0 -4.51855e+00 -4.97093e+00
0 -4.51855e+00 -4.97262e+00
0 -4.51855e+00 -4.97233e+00
0 -4.51855e+00 -4.97365e+00
0 -4.51855e+00 -4.96785e+00
0 -4.51855e+00 -4.96953e+00
0 -4.51855e+00 -4.96977e+00
0 -4.51855e+00 -4.96954e+00
0 -4.51855e+00 -4.96831e+00
0 -4.51855e+00 -4.96864e+00
0 -4.51855e+00 -4.96975e+00
0 -4.51855e+00 -4.96664e+00
0 -4.51855e+00 -4.96719e+00
0 -4.51855e+00 -4.96811e+00
0 -4.51855e+00 -4.96856e+00
0 -4.51855e+00 -4.96984e+00
0 -4.51855e+00 -4.97154e+00
0 -4.51855e+00 -4.97323e+00
0 -4.51855e+00 -4.97471e+00
0 -4.51855e+00 -4.97087e+00
0 -4.51855e+00 -4.97150e+00
0 -4.51855e+00 -4.97319e+00
0 -4.51855e+00 -4.97143e+00
0 -4.51855e+00 -4.97133e+00
0 -4.51855e+00 -4.96923e+00
0 -4.51855e+00 -4.96773e+00
0 -4.51855e+00 -4.96898e+00
0 -4.51855e+00 -4.97007e+00
0 -4.51855e+00 -4.96529e+00
0 -4.51855e+00 -4.96698e+00
0 -4.51855e+00 -4.96865e+00
0 -4.51855e+00 -4.96594e+00
0 -4.51855e+00 -4.96762e+00
0 -4.51855e+00 -4.96889e+00
0 -4.51855e+00 -4.96961e+00
0 -4.51855e+00 -4.97029e+00
0 -4.51855e+00 -4.97166e+00
0 -4.51855e+00 -4.96998e+00
0 -4.51855e+00 -4.96503e+00
0 -4.51855e+00 -4.96471e+00
0 -4.51855e+00 -4.96638e+00
0 -4.51855e+00 -4.96782e+00
0 -4.51855e+00 -4.96914e+00
0 -4.51855e+00 -4.96923e+00
0 -4.51855e+00 -4.97081e+00
0 -4.51855e+00 -4.97147e+00
0 -4.51855e+00 -4.97286e+00
0 -4.51855e+00 -4.97431e+00
0 -4.51855e+00 -4.97596e+00
0 -4.51855e+00 -4.97648e+00
0 -4.51855e+00 -4.97562e+00
0 -4.51855e+00 -4.97587e+00
0 -4.51855e+00 -4.97751e+00
0 -4.51855e+00 -4.97818e+00
0 -4.51855e+00 -4.97263e+00
0 -4.51855e+00 -4.97334e+00
0 -4.51855e+00 -4.97498e+00
0 -4.51855e+00 -4.97586e+00
0 -4.51855e+00 -4.97739e+00
0 -4.51855e+00 -4.97884e+00
0 -4.51855e+00 -4.97762e+00
0 -4.51855e+00 -4.97424e+00
0 -4.51855e+00 -4.97563e+00
0 -4.51855e+00 -4.97392e+00
0 -4.51855e+00 -4.97556e+00
0 -4.51855e+00 -4.97601e+00
0 -4.51855e+00 -4.97742e+00
0 -4.51855e+00 -4.97798e+00
0 -4.51855e+00 -4.97876e+00
0 -4.51855e+00 -4.97351e+00
0 -4.51855e+00 -4.97478e+00
0 -4.51855e+00 -4.97640e+00
0 -4.51855e+00 -4.97796e+00
0 -4.51855e+00 -4.97956e+00
0 -4.51855e+00 -4.97552e+00
0 -4.51855e+00 -4.97534e+00
0 -4.51855e+00 -4.97696e+00
0 -4.51855e+00 -4.97407e+00
0 -4.51855e+00 -4.97339e+00
0 -4.51855e+00 -4.97466e+00
0 -4.51855e+00 -4.97624e+00
0 -4.51855e+00 -4.97517e+00
0 -4.51855e+00 -4.97677e+00
0 -4.51855e+00 -4.97162e+00
0 -4.51855e+00 -4.97322e+00
0 -4.51855e+00 -4.97479e+00
0 -4.51855e+00 -4.97592e+00
0 -4.51855e+00 -4.97699e+00
0 -4.51855e+00 -4.97843e+00
0 -4.51855e+00 -4.98000e+00
0 -4.51855e+00 -4.98158e+00
0 -4.51855e+00 -4.98037e+00
0 -4.51855e+00 -4.97826e+00
0 -4.51855e+00 -4.97888e+00
0 -4.51855e+00 -4.98047e+00
0 -4.51855e+00 -4.98207e+00
0 -4.51855e+00 -4.97653e+00
0 -4.51855e+00 -4.97753e+00
0 -4.51855e+00 -4.97237e+00
0 -4.51855e+00 -4.97346e+00
0 -4.51855e+00 -4.96800e+00
0 -4.51855e+00 -4.96340e+00
0 -4.51855e+00 -4.96114e+00
0 -4.51855e+00 -4.95635e+00
0 -4.51855e+00 -4.95789e+00
0 -4.51855e+00 -4.95892e+00
0 -4.51855e+00 -4.96018e+00
0 -4.51855e+00 -4.96154e+00
0 -4.51855e+00 -4.96249e+00
0 -4.51855e+00 -4.96407e+00
0 -4.51855e+00 -4.96370e+00
0 -4.51855e+00 -4.96376e+00
0 -4.51855e+00 -4.96533e+00
0 -4.51855e+00 -4.96041e+00
0 -4.51855e+00 -4.96095e+00
0 -4.51855e+00 -4.96217e+00
0 -4.51855e+00 -4.96374e+00
0 -4.51855e+00 -4.96110e+00
0 -4.51855e+00 -4.95859e+00
0 -4.51855e+00 -4.95648e+00
0 -4.51855e+00 -4.95765e+00
0 -4.51855e+00 -4.95263e+00
0 -4.51855e+00 -4.95371e+00
0 -4.51855e+00 -4.95527e+00
0 -4.51855e+00 -4.95669e+00
0 -4.51855e+00 -4.95816e+00
0 -4.51855e+00 -4.95822e+00
0 -4.51855e+00 -4.95959e+00
0 -4.51855e+00 -4.95834e+00
0 -4.51855e+00 -4.95976e+00
0 -4.51855e+00 -4.96129e+00
0 -4.51855e+00 -4.95860e+00
0 -4.51855e+00 -4.95943e+00
0 -4.51855e+00 -4.96097e+00
0 -4.51855e+00 -4.95985e+00
0 -4.51855e+00 -4.96130e+00
0 -4.51855e+00 -4.96045e+00
0 -4.51855e+00 -4.96199e+00
0 -4.51855e+00 -4.96340e+00
0 -4.51855e+00 -4.96493e+00
0 -4.51855e+00 -4.96645e+00
0 -4.51855e+00 -4.96799e+00
0 -4.51855e+00 -4.96950e+00
0 -4.51855e+00 -4.97102e+00
0 -4.51855e+00 -4.97033e+00
0 -4.51855e+00 -4.97185e+00
0 -4.51855e+00 -4.97322e+00
0 -4.51855e+00 -4.97450e+00
0 -4.51855e+00 -4.97592e+00
0 -4.51855e+00 -4.97692e+00
0 -4.51855e+00 -4.97837e+00
0 -4.51855e+00 -4.97862e+00
0 -4.51855e+00 -4.97840e+00
0 -4.51855e+00 -4.97565e+00
0 -4.51855e+00 -4.97615e+00
0 -4.51855e+00 -4.97143e+00
0 -4.51855e+00 -4.97291e+00
0 -4.51855e+00 -4.97425e+00
0 -4.51855e+00 -4.97566e+00
0 -4.51855e+00 -4.97697e+00
0 -4.51855e+00 -4.97847e+00
0 -4.51855e+00 -4.97935e+00
0 -4.51855e+00 -4.97967e+00
0 -4.51855e+00 -4.97852e+00
0 -4.51855e+00 -4.97791e+00
0 -4.51855e+00 -4.97936e+00
0 -4.51855e+00 -4.97458e+00
0 -4.51855e+00 -4.97568e+00
0 -4.51855e+00 -4.97690e+00
0 -4.51855e+00 -4.97800e+00
0 -4.51855e+00 -4.97787e+00
0 -4.51855e+00 -4.97739e+00
0 -4.51855e+00 -4.97763e+00
0 -4.51855e+00 -4.97621e+00
0 -4.51855e+00 -4.97336e+00
0 -4.51855e+00 -4.97403e+00
0 -4.51855e+00 -4.97115e+00
0 -4.51855e+00 -4.97227e+00
0 -4.51855e+00 -4.97376e+00
0 -4.51855e+00 -4.97046e+00
0 -4.51855e+00 -4.97152e+00
0 -4.51855e+00 -4.97301e+00
0 -4.51855e+00 -4.97424e+00
0 -4.51855e+00 -4.97075e+00
0 -4.51855e+00 -4.97119e+00
0 -4.51855e+00 -4.97212e+00
0 -4.51855e+00 -4.97358e+00
0 -4.51855e+00 -4.97417e+00
0 -4.51855e+00 -4.97479e+00
0 -4.51855e+00 -4.97627e+00
0 -4.51855e+00 -4.97686e+00
0 -4.51855e+00 -4.97828e+00
0 -4.51855e+00 -4.97887e+00
0 -4.51855e+00 -4.97505e+00
0 -4.51855e+00 -4.97649e+00
0 -4.51855e+00 -4.97778e+00
0 -4.51855e+00 -4.97749e+00
0 -4.51855e+00 -4.97893e+00
0 -4.51855e+00 -4.97935e+00
0 -4.51855e+00 -4.97748e+00
0 -4.51855e+00 -4.97491e+00
0 -4.51855e+00 -4.97638e+00
0 -4.51855e+00 -4.97785e+00
0 -4.51855e+00 -4.97582e+00
0 -4.51855e+00 -4.97668e+00
0 -4.51855e+00 -4.97559e+00
0 -4.51855e+00 -4.97256e+00
0 -4.51855e+00 -4.96775e+00
0 -4.51855e+00 -4.96890e+00
0 -4.51855e+00 -4.96959e+00
0 -4.51855e+00 -4.96928e+00
0 -4.51855e+00 -4.96940e+00
0 -4.51855e+00 -4.97070e+00
0 -4.51855e+00 -4.97214e+00
0 -4.51855e+00 -4.96800e+00
0 -4.51855e+00 -4.96494e+00
0 -4.51855e+00 -4.96625e+00
0 -4.51855e+00 -4.96177e+00
0 -4.51855e+00 -4.96066e+00
0 -4.51855e+00 -4.96049e+00
0 -4.51855e+00 -4.96132e+00
0 -4.51855e+00 -4.96056e+00
0 -4.51855e+00 -4.96131e+00
0 -4.51855e+00 -4.96276e+00
0 -4.51855e+00 -4.96115e+00
0 -4.51855e+00 -4.96259e+00
0 -4.51855e+00 -4.95894e+00
0 -4.51855e+00 -4.96038e+00
0 -4.51855e+00 -4.96087e+00
0 -4.51855e+00 -4.96227e+00
0 -4.51855e+00 -4.96370e+00
0 -4.51855e+00 -4.96464e+00
0 -4.51855e+00 -4.96040e+00
0 -4.51855e+00 -4.95885e+00
0 -4.51855e+00 -4.96027e+00
0 -4.51855e+00 -4.95634e+00
0 -4.51855e+00 -4.95714e+00
0 -4.51855e+00 -4.95621e+00
0 -4.51855e+00 -4.95758e+00
0 -4.51855e+00 -4.95723e+00
0 -4.51855e+00 -4.95864e+00
0 -4.51855e+00 -4.95993e+00
0 -4.51855e+00 -4.95844e+00
0 -4.51855e+00 -4.95671e+00
0 -4.51855e+00 -4.95812e+00
0 -4.51855e+00 -4.95818e+00
0 -4.51855e+00 -4.95960e+00
0 -4.51855e+00 -4.96076e+00
0 -4.51855e+00 -4.95614e+00
0 -4.51855e+00 -4.95756e+00
0 -4.51855e+00 -4.95884e+00
0 -4.51855e+00 -4.96025e+00
0 -4.51855e+00 -4.96050e+00
0 -4.51855e+00 -4.96183e+00
0 -4.51855e+00 -4.96177e+00
0 -4.51855e+00 -4.96011e+00
0 -4.51855e+00 -4.96149e+00
0 -4.51855e+00 -4.96268e+00
0 -4.51855e+00 -4.96287e+00
0 -4.51855e+00 -4.96424e+00
0 -4.51855e+00 -4.96492e+00
0 -4.51855e+00 -4.96632e+00
0 -4.51855e+00 -4.96750e+00
0 -4.51855e+00 -4.96869e+00
0 -4.51855e+00 -4.96820e+00
0 -4.51855e+00 -4.96932e+00
0 -4.51855e+00 -4.97005e+00
0 -4.51855e+00 -4.97053e+00
0 -4.51855e+00 -4.96722e+00
0 -4.51855e+00 -4.96591e+00
0 -4.51855e+00 -4.96731e+00
0 -4.51855e+00 -4.96615e+00
0 -4.51855e+00 -4.96753e+00
0 -4.51855e+00 -4.96872e+00
0 -4.51855e+00 -4.96433e+00
0 -4.51855e+00 -4.96569e+00
0 -4.51855e+00 -4.96336e+00
0 -4.51855e+00 -4.96320e+00
0 -4.51855e+00 -4.96452e+00
0 -4.51855e+00 -4.96565e+00
0 -4.51855e+00 -4.96610e+00
0 -4.51855e+00 -4.96181e+00
0 -4.51855e+00 -4.96033e+00
0 -4.51855e+00 -4.96171e+00
0 -4.51855e+00 -4.96308e+00
0 -4.51855e+00 -4.96442e+00
0 -4.51855e+00 -4.96385e+00
0 -4.51855e+00 -4.96513e+00
0 -4.51855e+00 -4.96630e+00
0 -4.51855e+00 -4.96766e+00
0 -4.51855e+00 -4.96793e+00
0 -4.51855e+00 -4.96930e+00
0 -4.51855e+00 -4.97052e+00
0 -4.51855e+00 -4.97084e+00
0 -4.51855e+00 -4.97203e+00
0 -4.51855e+00 -4.97195e+00
0 -4.51855e+00 -4.97254e+00
0 -4.51855e+00 -4.97368e+00
0 -4.51855e+00 -4.97016e+00
0 -4.51855e+00 -4.97147e+00
0 -4.51855e+00 -4.97052e+00
0 -4.51855e+00 -4.97071e+00
0 -4.51855e+00 -4.97163e+00
0 -4.51855e+00 -4.97122e+00
0 -4.51855e+00 -4.96732e+00
0 -4.51855e+00 -4.96482e+00
0 -4.51855e+00 -4.96505e+00
0 -4.51855e+00 -4.96639e+00
0 -4.51855e+00 -4.96637e+00
0 -4.51855e+00 -4.96773e+00
0 -4.51855e+00 -4.96909e+00
0 -4.51855e+00 -4.97021e+00
0 -4.51855e+00 -4.96658e+00
0 -4.51855e+00 -4.96793e+00
0 -4.51855e+00 -4.96919e+00
0 -4.51855e+00 -4.97050e+00
0 -4.51855e+00 -4.97185e+00
0 -4.51855e+00 -4.96831e+00
0 -4.51855e+00 -4.96920e+00
0 -4.51855e+00 -4.96993e+00
0 -4.51855e+00 -4.96938e+00
0 -4.51855e+00 -4.97035e+00
0 -4.51855e+00 -4.96874e+00
0 -4.51855e+00 -4.97002e+00
0 -4.51855e+00 -4.97110e+00
0 -4.51855e+00 -4.97241e+00
0 -4.51855e+00 -4.96815e+00
0 -4.51855e+00 -4.96648e+00
0 -4.51855e+00 -4.96756e+00
0 -4.51855e+00 -4.96817e+00
0 -4.51855e+00 -4.96952e+00
0 -4.51855e+00 -4.96955e+00
0 -4.51855e+00 -4.96660e+00
0 -4.51855e+00 -4.96309e+00
0 -4.51855e+00 -4.95942e+00
0 -4.51855e+00 -4.95906e+00
0 -4.51855e+00 -4.95459e+00
0 -4.51855e+00 -4.95451e+00
0 -4.51855e+00 -4.95523e+00
0 -4.51855e+00 -4.95514e+00
0 -4.51855e+00 -4.95591e+00
0 -4.51855e+00 -4.95724e+00
0 -4.51855e+00 -4.95854e+00
0 -4.51855e+00 -4.95985e+00
0 -4.51855e+00 -4.95589e+00
0 -4.51855e+00 -4.95597e+00
0 -4.51855e+00 -4.95577e+00
0 -4.51855e+00 -4.95705e+00
0 -4.51855e+00 -4.95802e+00
0 -4.51855e+00 -4.95904e+00
0 -4.51855e+00 -4.96035e+00
0 -4.51855e+00 -4.95815e+00
0 -4.51855e+00 -4.95940e+00
0 -4.51855e+00 -4.95502e+00
0 -4.51855e+00 -4.95622e+00
0 -4.51855e+00 -4.95405e+00
0 -4.51855e+00 -4.95254e+00
0 -4.51855e+00 -4.95304e+00
0 -4.51855e+00 -4.95329e+00
0 -4.51855e+00 -4.95460e+00
0 -4.51855e+00 -4.95391e+00
0 -4.51855e+00 -4.95082e+00
0 -4.51855e+00 -4.95212e+00
0 -4.51855e+00 -4.94951e+00
0 -4.51855e+00 -4.94888e+00
0 -4.51855e+00 -4.94965e+00
0 -4.51855e+00 -4.95093e+00
0 -4.51855e+00 -4.95223e+00
0 -4.51855e+00 -4.95316e+00
0 -4.51855e+00 -4.95385e+00
0 -4.51855e+00 -4.94935e+00
0 -4.51855e+00 -4.95057e+00
0 -4.51855e+00 -4.95186e+00
0 -4.51855e+00 -4.95247e+00
0 -4.51855e+00 -4.95371e+00
0 -4.51855e+00 -4.95423e+00
0 -4.51855e+00 -4.95384e+00
0 -4.51855e+00 -4.95400e+00
0 -4.51855e+00 -4.95402e+00
0 -4.51855e+00 -4.95096e+00
0 -4.51855e+00 -4.95195e+00
0 -4.51855e+00 -4.95194e+00
0 -4.51855e+00 -4.95069e+00
0 -4.51855e+00 -4.95035e+00
0 -4.51855e+00 -4.95110e+00
0 -4.51855e+00 -4.95240e+00
0 -4.51855e+00 -4.95108e+00
0 -4.51855e+00 -4.94859e+00
0 -4.51855e+00 -4.94988e+00
0 -4.51855e+00 -4.95115e+00
0 -4.51855e+00 -4.95244e+00
0 -4.51855e+00 -4.94817e+00
0 -4.51855e+00 -4.94871e+00
0 -4.51855e+00 -4.94977e+00
0 -4.51855e+00 -4.95103e+00
0 -4.51855e+00 -4.95035e+00
0 -4.51855e+00 -4.95160e+00
0 -4.51855e+00 -4.94997e+00
0 -4.51855e+00 -4.95068e+00
0 -4.51855e+00 -4.95109e+00
0 -4.51855e+00 -4.94993e+00
0 -4.51855e+00 -4.95051e+00
0 -4.51855e+00 -4.94901e+00
0 -4.51855e+00 -4.95029e+00
0 -4.51855e+00 -4.94941e+00
0 -4.51855e+00 -4.95025e+00
0 -4.51855e+00 -4.94757e+00
0 -4.51855e+00 -4.94632e+00
0 -4.51855e+00 -4.94753e+00
0 -4.51855e+00 -4.94503e+00
0 -4.51855e+00 -4.94630e+00
0 -4.51855e+00 -4.94756e+00
0 -4.51855e+00 -4.94763e+00
0 -4.51855e+00 -4.94853e+00
0 -4.51855e+00 -4.94853e+00
0 -4.51855e+00 -4.94588e+00
0 -4.51855e+00 -4.94644e+00
0 -4.51855e+00 -4.94262e+00
0 -4.51855e+00 -4.94233e+00
0 -4.51855e+00 -4.94119e+00
0 -4.51855e+00 -4.94169e+00
0 -4.51855e+00 -4.94226e+00
0 -4.51855e+00 -4.94343e+00
0 -4.51855e+00 -4.94429e+00
0 -4.51855e+00 -4.94540e+00
0 -4.51855e+00 -4.94262e+00
0 -4.51855e+00 -4.94062e+00
0 -4.51855e+00 -4.93872e+00
0 -4.51855e+00 -4.93898e+00
0 -4.51855e+00 -4.94020e+00
0 -4.51855e+00 -4.94104e+00
0 -4.51855e+00 -4.93992e+00
0 -4.51855e+00 -4.94022e+00
0 -4.51855e+00 -4.94085e+00
0 -4.51855e+00 -4.93701e+00
0 -4.51855e+00 -4.93826e+00
0 -4.51855e+00 -4.93849e+00
0 -4.51855e+00 -4.93972e+00
0 -4.51855e+00 -4.94051e+00
0 -4.51855e+00 -4.94175e+00
0 -4.51855e+00 -4.94244e+00
0 -4.51855e+00 -4.94316e+00
0 -4.51855e+00 -4.93922e+00
0 -4.51855e+00 -4.93802e+00
0 -4.51855e+00 -4.93785e+00
0 -4.51855e+00 -4.93444e+00
0 -4.51855e+00 -4.93500e+00
0 -4.51855e+00 -4.93354e+00
0 -4.51855e+00 -4.93418e+00
0 -4.51855e+00 -4.93065e+00
0 -4.51855e+00 -4.92884e+00
0 -4.51855e+00 -4.92958e+00
0 -4.51855e+00 -4.92917e+00
0 -4.51855e+00 -4.92972e+00
0 -4.51855e+00 -4.93077e+00
0 -4.51855e+00 -4.93200e+00
0 -4.51855e+00 -4.93180e+00
0 -4.51855e+00 -4.92810e+00
0 -4.51855e+00 -4.92920e+00
0 -4.51855e+00 -4.93038e+00
0 -4.51855e+00 -4.93161e+00
0 -4.51855e+00 -4.93174e+00
0 -4.51855e+00 -4.93225e+00
0 -4.51855e+00 -4.93342e+00
0 -4.51855e+00 -4.93390e+00
0 -4.51855e+00 -4.93513e+00
0 -4.51855e+00 -4.93231e+00
0 -4.51855e+00 -4.93346e+00
0 -4.51855e+00 -4.93126e+00
0 -4.51855e+00 -4.93066e+00
0 -4.51855e+00 -4.92689e+00
0 -4.51855e+00 -4.92811e+00
0 -4.51855e+00 -4.92891e+00
0 -4.51855e+00 -4.92998e+00
0 -4.51855e+00 -4.92750e+00
0 -4.51855e+00 -4.92871e+00
0 -4.51855e+00 -4.92616e+00
0 -4.51855e+00 -4.92728e+00
0 -4.51855e+00 -4.92850e+00
0 -4.51855e+00 -4.92597e+00
0 -4.51855e+00 -4.92714e+00
0 -4.51855e+00 -4.92783e+00
0 -4.51855e+00 -4.92447e+00
0 -4.51855e+00 -4.92348e+00
0 -4.51855e+00 -4.92314e+00
0 -4.51855e+00 -4.92317e+00
0 -4.51855e+00 -4.92230e+00
0 -4.51855e+00 -4.92346e+00
0 -4.51855e+00 -4.92467e+00
0 -4.51855e+00 -4.92585e+00
0 -4.51855e+00 -4.92704e+00
0 -4.51855e+00 -4.92826e+00
0 -4.51855e+00 -4.92800e+00
0 -4.51855e+00 -4.92921e+00
0 -4.51855e+00 -4.92975e+00
0 -4.51855e+00 -4.93093e+00
0 -4.51855e+00 -4.93213e+00
0 -4.51855e+00 -4.93333e+00
0 -4.51855e+00 -4.93106e+00
0 -4.51855e+00 -4.93226e+00
0 -4.51855e+00 -4.93164e+00
0 -4.51855e+00 -4.93283e+00
0 -4.51855e+00 -4.93245e+00
0 -4.51855e+00 -4.93366e+00
0 -4.51855e+00 -4.93486e+00
0 -4.51855e+00 -4.93589e+00
0 -4.51855e+00 -4.93702e+00
0 -4.51855e+00 -4.93804e+00
0 -4.51855e+00 -4.93906e+00
0 -4.51855e+00 -4.94025e+00
0 -4.51855e+00 -4.94088e+00
0 -4.51855e+00 -4.94189e+00
0 -4.51855e+00 -4.94297e+00
0 -4.51855e+00 -4.94356e+00
0 -4.51855e+00 -4.94476e+00
0 -4.51855e+00 -4.94593e+00
0 -4.51855e+00 -4.94664e+00
0 -4.51855e+00 -4.94769e+00
0 -4.51855e+00 -4.94823e+00
0 -4.51855e+00 -4.94926e+00
0 -4.51855e+00 -4.94981e+00
0 -4.51855e+00 -4.94596e+00
0 -4.51855e+00 -4.94598e+00
0 -4.51855e+00 -4.94717e+00
0 -4.51855e+00 -4.94818e+00
0 -4.51855e+00 -4.94490e+00
0 -4.51855e+00 -4.94562e+00
0 -4.51855e+00 -4.94633e+00
0 -4.51855e+00 -4.94603e+00
0 -4.51855e+00 -4.94719e+00
0 -4.51855e+00 -4.94837e+00
0 -4.51855e+00 -4.94955e+00
0 -4.51855e+00 -4.95073e+00
0 -4.51855e+00 -4.95039e+00
0 -4.51855e+00 -4.94686e+00
0 -4.51855e+00 -4.94787e+00
0 -4.51855e+00 -4.94800e+00
0 -4.51855e+00 -4.94741e+00
0 -4.51855e+00 -4.94772e+00
0 -4.51855e+00 -4.94889e+00
0 -4.51855e+00 -4.94608e+00
0 -4.51855e+00 -4.94498e+00
0 -4.51855e+00 -4.94583e+00
0 -4.51855e+00 -4.94690e+00
0 -4.51855e+00 -4.94798e+00
0 -4.51855e+00 -4.94768e+00
0 -4.51855e+00 -4.94834e+00
0 -4.51855e+00 -4.94833e+00
0 -4.51855e+00 -4.94932e+00
0 -4.51855e+00 -4.94993e+00
0 -4.51855e+00 -4.95092e+00
0 -4.51855e+00 -4.95206e+00
0 -4.51855e+00 -4.95046e+00
0 -4.51855e+00 -4.95161e+00
0 -4.51855e+00 -4.95277e+00
0 -4.51855e+00 -4.95152e+00
0 -4.51855e+00 -4.95062e+00
0 -4.51855e+00 -4.95177e+00
0 -4.51855e+00 -4.95100e+00
0 -4.51855e+00 -4.95211e+00
0 -4.51855e+00 -4.95326e+00
0 -4.51855e+00 -4.95095e+00
0 -4.51855e+00 -4.94755e+00
0 -4.51855e+00 -4.94870e+00
0 -4.51855e+00 -4.94634e+00
0 -4.51855e+00 -4.94722e+00
0 -4.51855e+00 -4.94400e+00
0 -4.51855e+00 -4.94499e+00
0 -4.51855e+00 -4.94614e+00
0 -4.51855e+00 -4.94728e+00
0 -4.51855e+00 -4.94838e+00
0 -4.51855e+00 -4.94950e+00
0 -4.51855e+00 -4.95060e+00
0 -4.51855e+00 -4.95101e+00
0 -4.51855e+00 -4.95057e+00
0 -4.51855e+00 -4.95171e+00
0 -4.51855e+00 -4.95099e+00
0 -4.51855e+00 -4.95161e+00
0 -4.51855e+00 -4.95199e+00
0 -4.51855e+00 -4.94944e+00
0 -4.51855e+00 -4.95056e+00
0 -4.51855e+00 -4.94911e+00
0 -4.51855e+00 -4.94984e+00
0 -4.51855e+00 -4.94862e+00
0 -4.51855e+00 -4.94757e+00
0 -4.51855e+00 -4.94788e+00
0 -4.51855e+00 -4.94862e+00
0 -4.51855e+00 -4.94848e+00
0 -4.51855e+00 -4.94960e+00
0 -4.51855e+00 -4.95072e+00
0 -4.51855e+00 -4.94972e+00
0 -4.51855e+00 -4.95079e+00
0 -4.51855e+00 -4.95039e+00
0 -4.51855e+00 -4.94878e+00
0 -4.51855e+00 -4.94958e+00
0 -4.51855e+00 -4.95066e+00
0 -4.51855e+00 -4.95180e+00
0 -4.51855e+00 -4.95123e+00
0 -4.51855e+00 -4.95190e+00
0 -4.51855e+00 -4.95280e+00
0 -4.51855e+00 -4.95383e+00
0 -4.51855e+00 -4.95497e+00
0 -4.51855e+00 -4.95450e+00
0 -4.51855e+00 -4.95270e+00
0 -4.51855e+00 -4.95208e+00
0 -4.51855e+00 -4.95320e+00
0 -4.51855e+00 -4.95403e+00
0 -4.51855e+00 -4.95505e+00
0 -4.51855e+00 -4.95612e+00
0 -4.51855e+00 -4.95630e+00
0 -4.51855e+00 -4.95659e+00
0 -4.51855e+00 -4.95510e+00
0 -4.51855e+00 -4.95533e+00
0 -4.51855e+00 -4.95644e+00
0 -4.51855e+00 -4.95756e+00
0 -4.51855e+00 -4.95834e+00
0 -4.51855e+00 -4.95932e+00
0 -4.51855e+00 -4.96024e+00
0 -4.51855e+00 -4.96119e+00
0 -4.51855e+00 -4.96212e+00
0 -4.51855e+00 -4.96183e+00
0 -4.51855e+00 -4.96244e+00
0 -4.51855e+00 -4.96074e+00
0 -4.51855e+00 -4.96177e+00
0 -4.51855e+00 -4.96288e+00
0 -4.51855e+00 -4.96269e+00
0 -4.51855e+00 -4.96381e+00
0 -4.51855e+00 -4.96369e+00
0 -4.51855e+00 -4.96322e+00
0 -4.51855e+00 -4.96433e+00
0 -4.51855e+00 -4.96468e+00
0 -4.51855e+00 -4.96579e+00
0 -4.51855e+00 -4.96371e+00
0 -4.51855e+00 -4.96458e+00
0 -4.51855e+00 -4.96570e+00
0 -4.51855e+00 -4.96407e+00
0 -4.51855e+00 -4.96427e+00
0 -4.51855e+00 -4.96062e+00
0 -4.51855e+00 -4.96173e+00
0 -4.51855e+00 -4.96207e+00
0 -4.51855e+00 -4.96275e+00
0 -4.51855e+00 -4.96192e+00
0 -4.51855e+00 -4.96123e+00
0 -4.51855e+00 -4.95941e+00
0 -4.51855e+00 -4.96036e+00
0 -4.51855e+00 -4.96145e+00
0 -4.51855e+00 -4.96252e+00
0 -4.51855e+00 -4.96361e+00
0 -4.51855e+00 -4.96317e+00
0 -4.51855e+00 -4.96337e+00
0 -4.51855e+00 -4.96447e+00
0 -4.51855e+00 -4.96557e+00
0 -4.51855e+00 -4.96664e+00
0 -4.51855e+00 -4.96775e+00
0 -4.51855e+00 -4.96448e+00
0 -4.51855e+00 -4.96507e+00
0 -4.51855e+00 -4.96615e+00
0 -4.51855e+00 -4.96703e+00
0 -4.51855e+00 -4.96505e+00
0 -4.51855e+00 -4.96539e+00
0 -4.51855e+00 -4.96588e+00
0 -4.51855e+00 -4.96683e+00
0 -4.51855e+00 -4.96542e+00
0 -4.51855e+00 -4.96546e+00
0 -4.51855e+00 -4.96369e+00
0 -4.51855e+00 -4.96473e+00
0 -4.51855e+00 -4.96581e+00
0 -4.51855e+00 -4.96345e+00
0 -4.51855e+00 -4.96447e+00
0 -4.51855e+00 -4.96488e+00
0 -4.51855e+00 -4.96597e+00
0 -4.51855e+00 -4.96686e+00
0 -4.51855e+00 -4.96446e+00
0 -4.51855e+00 -4.96555e+00
0 -4.51855e+00 -4.96600e+00
0 -4.51855e+00 -4.96507e+00
0 -4.51855e+00 -4.96614e+00
0 -4.51855e+00 -4.96405e+00
0 -4.51855e+00 -4.96513e+00
0 -4.51855e+00 -4.96535e+00
0 -4.51855e+00 -4.96632e+00
0 -4.51855e+00 -4.96718e+00
0 -4.51855e+00 -4.96800e+00
0 -4.51855e+00 -4.96517e+00
0 -4.51855e+00 -4.96622e+00
0 -4.51855e+00 -4.96503e+00
0 -4.51855e+00 -4.96459e+00
0 -4.51855e+00 -4.96568e+00
0 -4.51855e+00 -4.96193e+00
0 -4.51855e+00 -4.95890e+00
0 -4.51855e+00 -4.95911e+00
0 -4.51855e+00 -4.96019e+00
0 -4.51855e+00 -4.96094e+00
0 -4.51855e+00 -4.95772e+00
0 -4.51855e+00 -4.95870e+00
0 -4.51855e+00 -4.95799e+00
0 -4.51855e+00 -4.95901e+00
0 -4.51855e+00 -4.95606e+00
0 -4.51855e+00 -4.95697e+00
0 -4.51855e+00 -4.95414e+00
0 -4.51855e+00 -4.95519e+00
0 -4.51855e+00 -4.95367e+00
0 -4.51855e+00 -4.95464e+00
0 -4.51855e+00 -4.95506e+00
0 -4.51855e+00 -4.95402e+00
0 -4.51855e+00 -4.95228e+00
0 -4.51855e+00 -4.95315e+00
0 -4.51855e+00 -4.95254e+00
0 -4.51855e+00 -4.94960e+00
0 -4.51855e+00 -4.95066e+00
0 -4.51855e+00 -4.95146e+00
0 -4.51855e+00 -4.95223e+00
0 -4.51855e+00 -4.95116e+00
0 -4.51855e+00 -4.95083e+00
0 -4.51855e+00 -4.95188e+00
0 -4.51855e+00 -4.95295e+00
0 -4.51855e+00 -4.95193e+00
0 -4.51855e+00 -4.95170e+00
0 -4.51855e+00 -4.95068e+00
0 -4.51855e+00 -4.95084e+00
0 -4.51855e+00 -4.94971e+00
0 -4.51855e+00 -4.95053e+00
0 -4.51855e+00 -4.95050e+00
0 -4.51855e+00 -4.94959e+00
0 -4.51855e+00 -4.94911e+00
0 -4.51855e+00 -4.94880e+00
0 -4.51855e+00 -4.94889e+00
0 -4.51855e+00 -4.94582e+00
0 -4.51855e+00 -4.94687e+00
0 -4.51855e+00 -4.94555e+00
0 -4.51855e+00 -4.94483e+00
0 -4.51855e+00 -4.94452e+00
0 -4.51855e+00 -4.94552e+00
0 -4.51855e+00 -4.94656e+00
0 -4.51855e+00 -4.94762e+00
0 -4.51855e+00 -4.94867e+00
0 -4.51855e+00 -4.94958e+00
0 -4.51855e+00 -4.95063e+00
0 -4.51855e+00 -4.94917e+00
0 -4.51855e+00 -4.94827e+00
0 -4.51855e+00 -4.94731e+00
0 -4.51855e+00 -4.94692e+00
0 -4.51855e+00 -4.94484e+00
0 -4.51855e+00 -4.94581e+00
0 -4.51855e+00 -4.94646e+00
0 -4.51855e+00 -4.94417e+00
0 -4.51855e+00 -4.94522e+00
0 -4.51855e+00 -4.94300e+00
0 -4.51855e+00 -4.94117e+00
0 -4.51855e+00 -4.94148e+00
0 -4.51855e+00 -4.94149e+00
0 -4.51855e+00 -4.94249e+00
0 -4.51855e+00 -4.94159e+00
0 -4.51855e+00 -4.94263e+00
0 -4.51855e+00 -4.94339e+00
0 -4.51855e+00 -4.94105e+00
0 -4.51855e+00 -4.93940e+00
0 -4.51855e+00 -4.94027e+00
0 -4.51855e+00 -4.94128e+00
0 -4.51855e+00 -4.94213e+00
0 -4.51855e+00 -4.93869e+00
0 -4.51855e+00 -4.93948e+00
0 -4.51855e+00 -4.94051e+00
0 -4.51855e+00 -4.94144e+00
0 -4.51855e+00 -4.94177e+00
0 -4.51855e+00 -4.94243e+00
0 -4.51855e+00 -4.94297e+00
0 -4.51855e+00 -4.94332e+00
0 -4.51855e+00 -4.94406e+00
0 -4.51855e+00 -4.94508e+00
0 -4.51855e+00 -4.94455e+00
0 -4.51855e+00 -4.94341e+00
0 -4.51855e+00 -4.94374e+00
0 -4.51855e+00 -4.94362e+00
0 -4.51855e+00 -4.94465e+00
0 -4.51855e+00 -4.94542e+00
0 -4.51855e+00 -4.94586e+00
0 -4.51855e+00 -4.94525e+00
0 -4.51855e+00 -4.94193e+00
0 -4.51855e+00 -4.94231e+00
0 -4.51855e+00 -4.94333e+00
0 -4.51855e+00 -4.94430e+00
0 -4.51855e+00 -4.94417e+00
0 -4.51855e+00 -4.94182e+00
0 -4.51855e+00 -4.94283e+00
0 -4.51855e+00 -4.94265e+00
0 -4.51855e+00 -4.94258e+00
0 -4.51855e+00 -4.94286e+00
0 -4.51855e+00 -4.94388e+00
0 -4.51855e+00 -4.94490e+00
0 -4.51855e+00 -4.94528e+00
0 -4.51855e+00 -4.94630e+00
0 -4.51855e+00 -4.94733e+00
0 -4.51855e+00 -4.94819e+00
0 -4.51855e+00 -4.94921e+00
0 -4.51855e+00 -4.95022e+00
0 -4.51855e+00 -4.95039e+00
0 -4.51855e+00 -4.95047e+00
0 -4.51855e+00 -4.95058e+00
0 -4.51855e+00 -4.95154e+00
0 -4.51855e+00 -4.95198e+00
0 -4.51855e+00 -4.95299e+00
0 -4.51855e+00 -4.95399e+00
0 -4.51855e+00 -4.95497e+00
0 -4.51855e+00 -4.95577e+00
0 -4.51855e+00 -4.95679e+00
0 -4.51855e+00 -4.95396e+00
0 -4.51855e+00 -4.95485e+00
0 -4.51855e+00 -4.95579e+00
0 -4.51855e+00 -4.95468e+00
0 -4.51855e+00 -4.95128e+00
0 -4.51855e+00 -4.95039e+00
0 -4.51855e+00 -4.95127e+00
0 -4.51855e+00 -4.95227e+00
0 -4.51855e+00 -4.95272e+00
0 -4.51855e+00 -4.95228e+00
0 -4.51855e+00 -4.95264e+00
0 -4.51855e+00 -4.95365e+00
0 -4.51855e+00 -4.95458e+00
0 -4.51855e+00 -4.95554e+00
0 -4.51855e+00 -4.95230e+00
0 -4.51855e+00 -4.95329e+00
0 -4.51855e+00 -4.95400e+00
0 -4.51855e+00 -4.95501e+00
0 -4.51855e+00 -4.95359e+00
0 -4.51855e+00 -4.95427e+00
0 -4.51855e+00 -4.95522e+00
0 -4.51855e+00 -4.95621e+00
0 -4.51855e+00 -4.95617e+00
0 -4.51855e+00 -4.95585e+00
0 -4.51855e+00 -4.95448e+00
0 -4.51855e+00 -4.95539e+00
0 -4.51855e+00 -4.95223e+00
0 -4.51855e+00 -4.94945e+00
0 -4.51855e+00 -4.95041e+00
0 -4.51855e+00 -4.94880e+00
0 -4.51855e+00 -4.94844e+00
0 -4.51855e+00 -4.94870e+00
0 -4.51855e+00 -4.94602e+00
0 -4.51855e+00 -4.94701e+00
0 -4.51855e+00 -4.94707e+00
0 -4.51855e+00 -4.94804e+00
