0 -3.40724e+00 -2.01024e+00
0 -3.40724e+00 -3.36781e+00
0 -3.40724e+00 -3.60637e+00
0 -3.40724e+00 -3.51301e+00
0 -3.40724e+00 -3.77998e+00
0 -3.40724e+00 -4.01179e+00
0 -3.40724e+00 -4.17046e+00
0 -3.40724e+00 -4.42413e+00
0 -3.40724e+00 -4.09106e+00
0 -3.40724e+00 -4.26281e+00
0 -3.40724e+00 -4.37621e+00
0 -3.40724e+00 -4.53689e+00
0 -3.40724e+00 -3.92890e+00
0 -3.40724e+00 -4.00183e+00
0 -3.40724e+00 -4.03228e+00
0 -3.40724e+00 -4.00273e+00
0 -3.40724e+00 -4.12133e+00
0 -3.40724e+00 -4.02759e+00
0 -3.40724e+00 -4.11511e+00
0 -3.40724e+00 -4.06471e+00
0 -3.40724e+00 -3.74177e+00
0 -3.40724e+00 -3.54154e+00
0 -3.40724e+00 -3.53686e+00
0 -3.40724e+00 -3.56754e+00
0 -3.40724e+00 -3.52811e+00
0 -3.40724e+00 -3.59932e+00
0 -3.40724e+00 -3.67150e+00
0 -3.40724e+00 -3.57981e+00
0 -3.40724e+00 -3.64837e+00
0 -3.40724e+00 -3.57040e+00
0 -3.40724e+00 -3.43511e+00
0 -3.40724e+00 -3.47467e+00
0 -3.40724e+00 -3.49396e+00
0 -3.40724e+00 -3.55217e+00
0 -3.40724e+00 -3.45358e+00
0 -3.40724e+00 -3.46446e+00
0 -3.40724e+00 -3.47176e+00
0 -3.40724e+00 -3.35235e+00
0 -3.40724e+00 -3.37837e+00
0 -3.40724e+00 -3.41642e+00
0 -3.40724e+00 -3.32200e+00
0 -3.40724e+00 -3.23924e+00
0 -3.40724e+00 -3.15528e+00
0 -3.40724e+00 -3.19847e+00
0 -3.40724e+00 -3.24249e+00
0 -3.40724e+00 -3.25752e+00
0 -3.40724e+00 -3.29550e+00
0 -3.40724e+00 -3.27212e+00
0 -3.40724e+00 -3.28741e+00
0 -3.40724e+00 -3.28589e+00
0 -3.40724e+00 -3.28184e+00
0 -3.40724e+00 -3.30254e+00
0 -3.40724e+00 -3.28519e+00
0 -3.40724e+00 -3.30098e+00
0 -3.40724e+00 -3.30344e+00
0 -3.40724e+00 -3.23870e+00
0 -3.40724e+00 -3.27348e+00
0 -3.40724e+00 -3.20601e+00
0 -3.40724e+00 -3.23744e+00
0 -3.40724e+00 -3.24117e+00
0 -3.40724e+00 -3.19577e+00
0 -3.40724e+00 -3.22488e+00
0 -3.40724e+00 -3.20923e+00
0 -3.40724e+00 -3.23675e+00
0 -3.40724e+00 -3.17636e+00
0 -3.40724e+00 -3.19872e+00
0 -3.40724e+00 -3.18973e+00
0 -3.40724e+00 -3.18027e+00
0 -3.40724e+00 -3.19180e+00
0 -3.40724e+00 -3.21012e+00
0 -3.40724e+00 -3.22662e+00
0 -3.40724e+00 -3.23351e+00
0 -3.40724e+00 -3.24320e+00
0 -3.40724e+00 -3.24085e+00
0 -3.40724e+00 -3.23064e+00
0 -3.40724e+00 -3.23905e+00
0 -3.40724e+00 -3.19465e+00
0 -3.40724e+00 -3.21919e+00
0 -3.40724e+00 -3.22854e+00
0 -3.40724e+00 -3.25013e+00
0 -3.40724e+00 -3.24962e+00
0 -3.40724e+00 -3.27098e+00
0 -3.40724e+00 -3.26393e+00
0 -3.40724e+00 -3.28758e+00
0 -3.40724e+00 -3.31059e+00
0 -3.40724e+00 -3.32275e+00
0 -3.40724e+00 -3.34452e+00
0 -3.40724e+00 -3.34062e+00
0 -3.40724e+00 -3.35118e+00
0 -3.40724e+00 -3.34903e+00
0 -3.40724e+00 -3.34658e+00
0 -3.40724e+00 -3.35136e+00
0 -3.40724e+00 -3.36237e+00
0 -3.40724e+00 -3.38285e+00
0 -3.40724e+00 -3.39864e+00
0 -3.40724e+00 -3.41919e+00
0 -3.40724e+00 -3.40464e+00
0 -3.40724e+00 -3.40807e+00
0 -3.40724e+00 -3.40783e+00
0 -3.40724e+00 -3.41481e+00
0 -3.40724e+00 -3.37217e+00
0 -3.40724e+00 -3.39129e+00
0 -3.40724e+00 -3.35812e+00
0 -3.40724e+00 -3.36454e+00
0 -3.40724e+00 -3.38338e+00
0 -3.40724e+00 -3.39933e+00
0 -3.40724e+00 -3.40954e+00
0 -3.40724e+00 -3.42770e+00
0 -3.40724e+00 -3.43492e+00
0 -3.40724e+00 -3.44681e+00
0 -3.40724e+00 -3.41922e+00
0 -3.40724e+00 -3.43684e+00
0 -3.40724e+00 -3.43180e+00
0 -3.40724e+00 -3.43997e+00
0 -3.40724e+00 -3.39974e+00
0 -3.40724e+00 -3.41458e+00
0 -3.40724e+00 -3.42658e+00
0 -3.40724e+00 -3.41182e+00
0 -3.40724e+00 -3.42148e+00
0 -3.40724e+00 -3.43298e+00
0 -3.40724e+00 -3.44744e+00
0 -3.40724e+00 -3.45444e+00
0 -3.40724e+00 -3.42232e+00
0 -3.40724e+00 -3.43813e+00
0 -3.40724e+00 -3.45210e+00
0 -3.40724e+00 -3.44107e+00
0 -3.40724e+00 -3.45096e+00
0 -3.40724e+00 -3.46584e+00
0 -3.40724e+00 -3.46341e+00
0 -3.40724e+00 -3.44870e+00
0 -3.40724e+00 -3.46300e+00
0 -3.40724e+00 -3.47793e+00
0 -3.40724e+00 -3.47225e+00
0 -3.40724e+00 -3.43828e+00
0 -3.40724e+00 -3.45260e+00
0 -3.40724e+00 -3.45742e+00
0 -3.40724e+00 -3.42735e+00
0 -3.40724e+00 -3.43497e+00
0 -3.40724e+00 -3.41714e+00
0 -3.40724e+00 -3.40070e+00
0 -3.40724e+00 -3.40707e+00
0 -3.40724e+00 -3.38857e+00
0 -3.40724e+00 -3.40234e+00
0 -3.40724e+00 -3.39037e+00
0 -3.40724e+00 -3.38333e+00
0 -3.40724e+00 -3.39403e+00
0 -3.40724e+00 -3.38605e+00
0 -3.40724e+00 -3.39930e+00
0 -3.40724e+00 -3.39487e+00
0 -3.40724e+00 -3.40808e+00
0 -3.40724e+00 -3.41934e+00
0 -3.40724e+00 -3.42685e+00
0 -3.40724e+00 -3.43352e+00
0 -3.40724e+00 -3.40969e+00
0 -3.40724e+00 -3.40181e+00
0 -3.40724e+00 -3.40731e+00
0 -3.40724e+00 -3.41943e+00
0 -3.40724e+00 -3.43046e+00
0 -3.40724e+00 -3.42681e+00
0 -3.40724e+00 -3.41887e+00
0 -3.40724e+00 -3.42179e+00
0 -3.40724e+00 -3.43194e+00
0 -3.40724e+00 -3.44170e+00
0 -3.40724e+00 -3.45371e+00
0 -3.40724e+00 -3.45895e+00
0 -3.40724e+00 -3.46672e+00
0 -3.40724e+00 -3.47844e+00
0 -3.40724e+00 -3.47281e+00
0 -3.40724e+00 -3.45370e+00
0 -3.40724e+00 -3.43935e+00
0 -3.40724e+00 -3.41407e+00
0 -3.40724e+00 -3.40276e+00
0 -3.40724e+00 -3.41400e+00
0 -3.40724e+00 -3.41211e+00
0 -3.40724e+00 -3.42171e+00
0 -3.40724e+00 -3.39996e+00
0 -3.40724e+00 -3.41008e+00
0 -3.40724e+00 -3.39984e+00
0 -3.40724e+00 -3.38634e+00
0 -3.40724e+00 -3.39723e+00
0 -3.40724e+00 -3.40777e+00
0 -3.40724e+00 -3.41776e+00
0 -3.40724e+00 -3.40771e+00
0 -3.40724e+00 -3.41027e+00
0 -3.40724e+00 -3.41251e+00
0 -3.40724e+00 -3.38914e+00
0 -3.40724e+00 -3.39942e+00
0 -3.40724e+00 -3.40866e+00
0 -3.40724e+00 -3.40444e+00
0 -3.40724e+00 -3.41473e+00
0 -3.40724e+00 -3.42497e+00
0 -3.40724e+00 -3.42007e+00
0 -3.40724e+00 -3.42978e+00
0 -3.40724e+00 -3.43995e+00
0 -3.40724e+00 -3.43578e+00
0 -3.40724e+00 -3.41649e+00
0 -3.40724e+00 -3.42316e+00
0 -3.40724e+00 -3.43311e+00
0 -3.40724e+00 -3.42791e+00
0 -3.40724e+00 -3.43553e+00
0 -3.40724e+00 -3.42609e+00
0 -3.40724e+00 -3.43585e+00
0 -3.40724e+00 -3.44216e+00
0 -3.40724e+00 -3.45181e+00
0 -3.40724e+00 -3.46084e+00
0 -3.40724e+00 -3.45483e+00
0 -3.40724e+00 -3.46402e+00
0 -3.40724e+00 -3.47235e+00
0 -3.40724e+00 -3.47183e+00
0 -3.40724e+00 -3.46002e+00
0 -3.40724e+00 -3.45320e+00
0 -3.40724e+00 -3.45758e+00
0 -3.40724e+00 -3.46242e+00
0 -3.40724e+00 -3.47166e+00
0 -3.40724e+00 -3.47919e+00
0 -3.40724e+00 -3.48819e+00
0 -3.40724e+00 -3.49453e+00
0 -3.40724e+00 -3.50244e+00
0 -3.40724e+00 -3.49851e+00
0 -3.40724e+00 -3.49240e+00
0 -3.40724e+00 -3.50068e+00
0 -3.40724e+00 -3.50796e+00
0 -3.40724e+00 -3.50300e+00
0 -3.40724e+00 -3.51167e+00
0 -3.40724e+00 -3.52037e+00
0 -3.40724e+00 -3.52817e+00
0 -3.40724e+00 -3.51159e+00
0 -3.40724e+00 -3.50727e+00
0 -3.40724e+00 -3.51046e+00
0 -3.40724e+00 -3.51904e+00
0 -3.40724e+00 -3.52282e+00
0 -3.40724e+00 -3.53121e+00
0 -3.40724e+00 -3.51922e+00
0 -3.40724e+00 -3.52452e+00
0 -3.40724e+00 -3.51641e+00
0 -3.40724e+00 -3.51399e+00
0 -3.40724e+00 -3.52219e+00
0 -3.40724e+00 -3.50894e+00
0 -3.40724e+00 -3.51714e+00
0 -3.40724e+00 -3.52007e+00
0 -3.40724e+00 -3.52809e+00
0 -3.40724e+00 -3.52605e+00
0 -3.40724e+00 -3.53238e+00
0 -3.40724e+00 -3.51733e+00
0 -3.40724e+00 -3.52198e+00
0 -3.40724e+00 -3.50619e+00
0 -3.40724e+00 -3.51205e+00
0 -3.40724e+00 -3.51538e+00
0 -3.40724e+00 -3.52004e+00
0 -3.40724e+00 -3.52647e+00
0 -3.40724e+00 -3.53404e+00
0 -3.40724e+00 -3.52334e+00
0 -3.40724e+00 -3.52795e+00
0 -3.40724e+00 -3.51609e+00
0 -3.40724e+00 -3.52167e+00
0 -3.40724e+00 -3.52917e+00
0 -3.40724e+00 -3.53550e+00
0 -3.40724e+00 -3.52937e+00
0 -3.40724e+00 -3.52197e+00
0 -3.40724e+00 -3.52709e+00
0 -3.40724e+00 -3.53453e+00
0 -3.40724e+00 -3.54190e+00
0 -3.40724e+00 -3.53112e+00
0 -3.40724e+00 -3.52556e+00
0 -3.40724e+00 -3.53188e+00
0 -3.40724e+00 -3.51833e+00
0 -3.40724e+00 -3.52536e+00
0 -3.40724e+00 -3.52229e+00
0 -3.40724e+00 -3.52710e+00
0 -3.40724e+00 -3.53327e+00
0 -3.40724e+00 -3.53367e+00
0 -3.40724e+00 -3.54063e+00
0 -3.40724e+00 -3.54505e+00
0 -3.40724e+00 -3.54738e+00
0 -3.40724e+00 -3.55214e+00
0 -3.40724e+00 -3.55918e+00
0 -3.40724e+00 -3.56070e+00
0 -3.40724e+00 -3.54718e+00
0 -3.40724e+00 -3.55035e+00
0 -3.40724e+00 -3.54255e+00
0 -3.40724e+00 -3.54063e+00
0 -3.40724e+00 -3.53866e+00
0 -3.40724e+00 -3.54549e+00
0 -3.40724e+00 -3.55127e+00
0 -3.40724e+00 -3.55590e+00
0 -3.40724e+00 -3.54387e+00
0 -3.40724e+00 -3.54488e+00
0 -3.40724e+00 -3.53327e+00
0 -3.40724e+00 -3.53745e+00
0 -3.40724e+00 -3.54371e+00
0 -3.40724e+00 -3.55038e+00
0 -3.40724e+00 -3.55287e+00
0 -3.40724e+00 -3.55833e+00
0 -3.40724e+00 -3.55656e+00
0 -3.40724e+00 -3.56170e+00
0 -3.40724e+00 -3.56225e+00
0 -3.40724e+00 -3.56851e+00
0 -3.40724e+00 -3.57281e+00
0 -3.40724e+00 -3.57602e+00
0 -3.40724e+00 -3.58079e+00
0 -3.40724e+00 -3.56510e+00
0 -3.40724e+00 -3.56546e+00
0 -3.40724e+00 -3.55655e+00
0 -3.40724e+00 -3.56112e+00
0 -3.40724e+00 -3.56266e+00
0 -3.40724e+00 -3.56903e+00
0 -3.40724e+00 -3.56274e+00
0 -3.40724e+00 -3.54650e+00
0 -3.40724e+00 -3.54969e+00
0 -3.40724e+00 -3.55599e+00
0 -3.40724e+00 -3.54961e+00
0 -3.40724e+00 -3.55581e+00
0 -3.40724e+00 -3.55231e+00
0 -3.40724e+00 -3.55836e+00
0 -3.40724e+00 -3.56462e+00
0 -3.40724e+00 -3.57076e+00
0 -3.40724e+00 -3.57644e+00
0 -3.40724e+00 -3.56957e+00
0 -3.40724e+00 -3.57535e+00
0 -3.40724e+00 -3.56178e+00
0 -3.40724e+00 -3.56136e+00
0 -3.40724e+00 -3.56736e+00
0 -3.40724e+00 -3.57266e+00
0 -3.40724e+00 -3.57817e+00
0 -3.40724e+00 -3.58037e+00
0 -3.40724e+00 -3.58192e+00
0 -3.40724e+00 -3.57457e+00
0 -3.40724e+00 -3.55883e+00
0 -3.40724e+00 -3.56481e+00
0 -3.40724e+00 -3.57021e+00
0 -3.40724e+00 -3.56926e+00
0 -3.40724e+00 -3.56124e+00
0 -3.40724e+00 -3.56712e+00
0 -3.40724e+00 -3.57298e+00
0 -3.40724e+00 -3.57226e+00
0 -3.40724e+00 -3.56633e+00
0 -3.40724e+00 -3.56497e+00
0 -3.40724e+00 -3.56691e+00
0 -3.40724e+00 -3.57095e+00
0 -3.40724e+00 -3.57538e+00
0 -3.40724e+00 -3.58106e+00
0 -3.40724e+00 -3.58662e+00
0 -3.40724e+00 -3.59215e+00
0 -3.40724e+00 -3.59580e+00
0 -3.40724e+00 -3.58307e+00
0 -3.40724e+00 -3.57937e+00
0 -3.40724e+00 -3.57002e+00
0 -3.40724e+00 -3.57407e+00
0 -3.40724e+00 -3.57884e+00
0 -3.40724e+00 -3.58116e+00
0 -3.40724e+00 -3.57676e+00
0 -3.40724e+00 -3.56968e+00
0 -3.40724e+00 -3.56097e+00
0 -3.40724e+00 -3.56570e+00
0 -3.40724e+00 -3.56577e+00
0 -3.40724e+00 -3.55672e+00
0 -3.40724e+00 -3.55267e+00
0 -3.40724e+00 -3.55784e+00
0 -3.40724e+00 -3.55355e+00
0 -3.40724e+00 -3.55863e+00
0 -3.40724e+00 -3.54564e+00
0 -3.40724e+00 -3.54439e+00
0 -3.40724e+00 -3.54759e+00
0 -3.40724e+00 -3.54179e+00
0 -3.40724e+00 -3.54071e+00
0 -3.40724e+00 -3.53881e+00
0 -3.40724e+00 -3.53750e+00
0 -3.40724e+00 -3.53984e+00
0 -3.40724e+00 -3.54461e+00
0 -3.40724e+00 -3.54844e+00
0 -3.40724e+00 -3.54787e+00
0 -3.40724e+00 -3.55007e+00
0 -3.40724e+00 -3.53788e+00
0 -3.40724e+00 -3.52573e+00
0 -3.40724e+00 -3.51958e+00
0 -3.40724e+00 -3.51982e+00
0 -3.40724e+00 -3.52125e+00
0 -3.40724e+00 -3.52582e+00
0 -3.40724e+00 -3.51847e+00
0 -3.40724e+00 -3.52159e+00
0 -3.40724e+00 -3.52270e+00
0 -3.40724e+00 -3.52725e+00
0 -3.40724e+00 -3.53028e+00
0 -3.40724e+00 -3.52420e+00
0 -3.40724e+00 -3.52468e+00
0 -3.40724e+00 -3.52752e+00
0 -3.40724e+00 -3.53164e+00
0 -3.40724e+00 -3.53656e+00
0 -3.40724e+00 -3.52886e+00
0 -3.40724e+00 -3.52822e+00
0 -3.40724e+00 -3.53169e+00
0 -3.40724e+00 -3.52618e+00
0 -3.40724e+00 -3.53070e+00
0 -3.40724e+00 -3.53463e+00
0 -3.40724e+00 -3.53857e+00
0 -3.40724e+00 -3.54353e+00
0 -3.40724e+00 -3.54728e+00
0 -3.40724e+00 -3.55165e+00
0 -3.40724e+00 -3.54897e+00
0 -3.40724e+00 -3.55389e+00
0 -3.40724e+00 -3.55717e+00
0 -3.40724e+00 -3.56203e+00
0 -3.40724e+00 -3.56664e+00
0 -3.40724e+00 -3.56742e+00
0 -3.40724e+00 -3.55619e+00
0 -3.40724e+00 -3.55922e+00
0 -3.40724e+00 -3.56191e+00
0 -3.40724e+00 -3.56482e+00
0 -3.40724e+00 -3.56693e+00
0 -3.40724e+00 -3.57055e+00
0 -3.40724e+00 -3.57427e+00
0 -3.40724e+00 -3.57871e+00
0 -3.40724e+00 -3.57994e+00
0 -3.40724e+00 -3.58146e+00
0 -3.40724e+00 -3.58510e+00
0 -3.40724e+00 -3.58983e+00
0 -3.40724e+00 -3.59336e+00
0 -3.40724e+00 -3.59343e+00
0 -3.40724e+00 -3.59643e+00
0 -3.40724e+00 -3.58965e+00
0 -3.40724e+00 -3.58179e+00
0 -3.40724e+00 -3.58637e+00
0 -3.40724e+00 -3.58938e+00
0 -3.40724e+00 -3.59287e+00
0 -3.40724e+00 -3.59722e+00
0 -3.40724e+00 -3.60146e+00
0 -3.40724e+00 -3.60606e+00
0 -3.40724e+00 -3.60894e+00
0 -3.40724e+00 -3.61214e+00
0 -3.40724e+00 -3.60804e+00
0 -3.40724e+00 -3.61211e+00
0 -3.40724e+00 -3.61500e+00
0 -3.40724e+00 -3.61630e+00
0 -3.40724e+00 -3.62082e+00
0 -3.40724e+00 -3.62531e+00
0 -3.40724e+00 -3.62878e+00
0 -3.40724e+00 -3.63307e+00
0 -3.40724e+00 -3.62162e+00
0 -3.40724e+00 -3.61837e+00
0 -3.40724e+00 -3.62054e+00
0 -3.40724e+00 -3.61810e+00
0 -3.40724e+00 -3.62016e+00
0 -3.40724e+00 -3.62451e+00
0 -3.40724e+00 -3.62742e+00
0 -3.40724e+00 -3.62182e+00
0 -3.40724e+00 -3.62568e+00
0 -3.40724e+00 -3.62447e+00
0 -3.40724e+00 -3.62771e+00
0 -3.40724e+00 -3.62403e+00
0 -3.40724e+00 -3.61781e+00
0 -3.40724e+00 -3.62156e+00
0 -3.40724e+00 -3.62372e+00
0 -3.40724e+00 -3.62537e+00
0 -3.40724e+00 -3.62255e+00
0 -3.40724e+00 -3.62324e+00
0 -3.40724e+00 -3.61936e+00
0 -3.40724e+00 -3.62345e+00
0 -3.40724e+00 -3.62745e+00
0 -3.40724e+00 -3.63163e+00
0 -3.40724e+00 -3.62020e+00
0 -3.40724e+00 -3.60981e+00
0 -3.40724e+00 -3.61089e+00
0 -3.40724e+00 -3.61129e+00
0 -3.40724e+00 -3.61441e+00
0 -3.40724e+00 -3.61332e+00
0 -3.40724e+00 -3.61389e+00
0 -3.40724e+00 -3.61751e+00
0 -3.40724e+00 -3.60759e+00
0 -3.40724e+00 -3.60319e+00
0 -3.40724e+00 -3.60456e+00
0 -3.40724e+00 -3.60535e+00
0 -3.40724e+00 -3.60953e+00
0 -3.40724e+00 -3.61050e+00
0 -3.40724e+00 -3.61108e+00
0 -3.40724e+00 -3.60680e+00
0 -3.40724e+00 -3.59930e+00
0 -3.40724e+00 -3.60046e+00
0 -3.40724e+00 -3.60402e+00
0 -3.40724e+00 -3.60495e+00
0 -3.40724e+00 -3.60684e+00
0 -3.40724e+00 -3.61049e+00
0 -3.40724e+00 -3.61425e+00
0 -3.40724e+00 -3.61352e+00
0 -3.40724e+00 -3.61538e+00
0 -3.40724e+00 -3.61854e+00
0 -3.40724e+00 -3.61771e+00
0 -3.40724e+00 -3.61307e+00
0 -3.40724e+00 -3.61694e+00
0 -3.40724e+00 -3.61978e+00
0 -3.40724e+00 -3.62201e+00
0 -3.40724e+00 -3.62374e+00
0 -3.40724e+00 -3.61518e+00
0 -3.40724e+00 -3.61855e+00
0 -3.40724e+00 -3.61802e+00
0 -3.40724e+00 -3.62167e+00
0 -3.40724e+00 -3.62416e+00
0 -3.40724e+00 -3.62687e+00
0 -3.40724e+00 -3.63071e+00
0 -3.40724e+00 -3.63448e+00
0 -3.40724e+00 -3.63546e+00
0 -3.40724e+00 -3.63875e+00
0 -3.40724e+00 -3.63057e+00
0 -3.40724e+00 -3.63441e+00
0 -3.40724e+00 -3.63691e+00
0 -3.40724e+00 -3.63805e+00
0 -3.40724e+00 -3.64125e+00
0 -3.40724e+00 -3.63846e+00
0 -3.40724e+00 -3.62818e+00
0 -3.40724e+00 -3.62990e+00
0 -3.40724e+00 -3.63158e+00
0 -3.40724e+00 -3.63093e+00
0 -3.40724e+00 -3.62867e+00
0 -3.40724e+00 -3.63137e+00
0 -3.40724e+00 -3.63433e+00
0 -3.40724e+00 -3.63196e+00
0 -3.40724e+00 -3.62507e+00
0 -3.40724e+00 -3.62848e+00
0 -3.40724e+00 -3.63214e+00
0 -3.40724e+00 -3.63468e+00
0 -3.40724e+00 -3.63788e+00
0 -3.40724e+00 -3.64055e+00
0 -3.40724e+00 -3.64096e+00
0 -3.40724e+00 -3.63162e+00
0 -3.40724e+00 -3.63276e+00
0 -3.40724e+00 -3.63652e+00
0 -3.40724e+00 -3.63891e+00
0 -3.40724e+00 -3.64255e+00
0 -3.40724e+00 -3.64038e+00
0 -3.40724e+00 -3.64411e+00
0 -3.40724e+00 -3.63653e+00
0 -3.40724e+00 -3.63769e+00
0 -3.40724e+00 -3.62997e+00
0 -3.40724e+00 -3.62589e+00
0 -3.40724e+00 -3.62705e+00
0 -3.40724e+00 -3.62329e+00
0 -3.40724e+00 -3.62578e+00
0 -3.40724e+00 -3.61659e+00
0 -3.40724e+00 -3.61551e+00
0 -3.40724e+00 -3.61397e+00
0 -3.40724e+00 -3.60595e+00
0 -3.40724e+00 -3.59783e+00
0 -3.40724e+00 -3.60129e+00
0 -3.40724e+00 -3.60493e+00
0 -3.40724e+00 -3.60623e+00
0 -3.40724e+00 -3.60883e+00
0 -3.40724e+00 -3.60369e+00
0 -3.40724e+00 -3.60550e+00
0 -3.40724e+00 -3.60812e+00
0 -3.40724e+00 -3.61013e+00
0 -3.40724e+00 -3.61148e+00
0 -3.40724e+00 -3.61383e+00
0 -3.40724e+00 -3.61528e+00
0 -3.40724e+00 -3.61642e+00
0 -3.40724e+00 -3.61765e+00
0 -3.40724e+00 -3.61835e+00
0 -3.40724e+00 -3.62158e+00
0 -3.40724e+00 -3.62511e+00
0 -3.40724e+00 -3.62771e+00
0 -3.40724e+00 -3.63110e+00
0 -3.40724e+00 -3.63430e+00
0 -3.40724e+00 -3.63657e+00
0 -3.40724e+00 -3.62833e+00
0 -3.40724e+00 -3.63154e+00
0 -3.40724e+00 -3.63366e+00
0 -3.40724e+00 -3.62901e+00
0 -3.40724e+00 -3.62973e+00
0 -3.40724e+00 -3.62859e+00
0 -3.40724e+00 -3.63173e+00
0 -3.40724e+00 -3.63486e+00
0 -3.40724e+00 -3.63720e+00
0 -3.40724e+00 -3.64032e+00
0 -3.40724e+00 -3.64376e+00
0 -3.40724e+00 -3.64650e+00
0 -3.40724e+00 -3.64690e+00
0 -3.40724e+00 -3.65024e+00
0 -3.40724e+00 -3.65364e+00
0 -3.40724e+00 -3.65660e+00
0 -3.40724e+00 -3.65884e+00
0 -3.40724e+00 -3.66130e+00
0 -3.40724e+00 -3.65732e+00
0 -3.40724e+00 -3.66065e+00
0 -3.40724e+00 -3.66379e+00
0 -3.40724e+00 -3.66688e+00
0 -3.40724e+00 -3.66468e+00
0 -3.40724e+00 -3.66212e+00
0 -3.40724e+00 -3.65921e+00
0 -3.40724e+00 -3.66137e+00
0 -3.40724e+00 -3.66472e+00
0 -3.40724e+00 -3.66085e+00
0 -3.40724e+00 -3.66342e+00
0 -3.40724e+00 -3.66348e+00
0 -3.40724e+00 -3.66681e+00
0 -3.40724e+00 -3.67000e+00
0 -3.40724e+00 -3.67239e+00
0 -3.40724e+00 -3.67436e+00
0 -3.40724e+00 -3.67726e+00
0 -3.40724e+00 -3.67393e+00
0 -3.40724e+00 -3.67695e+00
0 -3.40724e+00 -3.67945e+00
0 -3.40724e+00 -3.68270e+00
0 -3.40724e+00 -3.68575e+00
0 -3.40724e+00 -3.68040e+00
0 -3.40724e+00 -3.68342e+00
0 -3.40724e+00 -3.68081e+00
0 -3.40724e+00 -3.68101e+00
0 -3.40724e+00 -3.68354e+00
0 -3.40724e+00 -3.68551e+00
0 -3.40724e+00 -3.68722e+00
0 -3.40724e+00 -3.68756e+00
0 -3.40724e+00 -3.68947e+00
0 -3.40724e+00 -3.69045e+00
0 -3.40724e+00 -3.68747e+00
0 -3.40724e+00 -3.68629e+00
0 -3.40724e+00 -3.68795e+00
0 -3.40724e+00 -3.69100e+00
0 -3.40724e+00 -3.68823e+00
0 -3.40724e+00 -3.68007e+00
0 -3.40724e+00 -3.68260e+00
0 -3.40724e+00 -3.68054e+00
0 -3.40724e+00 -3.68242e+00
0 -3.40724e+00 -3.68140e+00
0 -3.40724e+00 -3.68085e+00
0 -3.40724e+00 -3.68211e+00
0 -3.40724e+00 -3.68520e+00
0 -3.40724e+00 -3.68630e+00
0 -3.40724e+00 -3.68941e+00
0 -3.40724e+00 -3.68732e+00
0 -3.40724e+00 -3.69032e+00
0 -3.40724e+00 -3.69117e+00
0 -3.40724e+00 -3.69290e+00
0 -3.40724e+00 -3.69494e+00
0 -3.40724e+00 -3.68663e+00
0 -3.40724e+00 -3.68666e+00
0 -3.40724e+00 -3.68964e+00
0 -3.40724e+00 -3.69245e+00
0 -3.40724e+00 -3.68956e+00
0 -3.40724e+00 -3.69195e+00
0 -3.40724e+00 -3.69430e+00
0 -3.40724e+00 -3.69619e+00
0 -3.40724e+00 -3.69495e+00
0 -3.40724e+00 -3.69748e+00
0 -3.40724e+00 -3.70053e+00
0 -3.40724e+00 -3.69817e+00
0 -3.40724e+00 -3.70060e+00
0 -3.40724e+00 -3.70086e+00
0 -3.40724e+00 -3.70159e+00
0 -3.40724e+00 -3.70460e+00
0 -3.40724e+00 -3.70471e+00
0 -3.40724e+00 -3.70545e+00
0 -3.40724e+00 -3.70844e+00
0 -3.40724e+00 -3.71128e+00
0 -3.40724e+00 -3.71430e+00
0 -3.40724e+00 -3.71092e+00
0 -3.40724e+00 -3.71100e+00
0 -3.40724e+00 -3.70712e+00
0 -3.40724e+00 -3.70913e+00
0 -3.40724e+00 -3.71200e+00
0 -3.40724e+00 -3.71222e+00
0 -3.40724e+00 -3.71376e+00
0 -3.40724e+00 -3.70853e+00
0 -3.40724e+00 -3.71120e+00
0 -3.40724e+00 -3.71392e+00
0 -3.40724e+00 -3.71631e+00
0 -3.40724e+00 -3.70957e+00
0 -3.40724e+00 -3.70631e+00
0 -3.40724e+00 -3.70811e+00
0 -3.40724e+00 -3.70751e+00
0 -3.40724e+00 -3.70756e+00
0 -3.40724e+00 -3.71037e+00
0 -3.40724e+00 -3.70684e+00
0 -3.40724e+00 -3.70969e+00
0 -3.40724e+00 -3.70321e+00
0 -3.40724e+00 -3.70540e+00
0 -3.40724e+00 -3.69743e+00
0 -3.40724e+00 -3.69855e+00
0 -3.40724e+00 -3.70006e+00
0 -3.40724e+00 -3.70294e+00
0 -3.40724e+00 -3.70504e+00
0 -3.40724e+00 -3.70460e+00
0 -3.40724e+00 -3.70418e+00
0 -3.40724e+00 -3.70689e+00
0 -3.40724e+00 -3.70743e+00
0 -3.40724e+00 -3.70107e+00
0 -3.40724e+00 -3.70169e+00
0 -3.40724e+00 -3.69650e+00
0 -3.40724e+00 -3.68953e+00
0 -3.40724e+00 -3.68246e+00
0 -3.40724e+00 -3.68456e+00
0 -3.40724e+00 -3.67777e+00
0 -3.40724e+00 -3.67171e+00
0 -3.40724e+00 -3.67386e+00
0 -3.40724e+00 -3.67654e+00
0 -3.40724e+00 -3.67349e+00
0 -3.40724e+00 -3.67139e+00
0 -3.40724e+00 -3.67419e+00
0 -3.40724e+00 -3.67659e+00
0 -3.40724e+00 -3.67829e+00
0 -3.40724e+00 -3.67991e+00
0 -3.40724e+00 -3.68271e+00
0 -3.40724e+00 -3.68547e+00
0 -3.40724e+00 -3.68212e+00
0 -3.40724e+00 -3.68471e+00
0 -3.40724e+00 -3.68093e+00
0 -3.40724e+00 -3.68187e+00
0 -3.40724e+00 -3.68359e+00
0 -3.40724e+00 -3.67786e+00
0 -3.40724e+00 -3.67340e+00
0 -3.40724e+00 -3.66849e+00
0 -3.40724e+00 -3.66482e+00
0 -3.40724e+00 -3.66478e+00
0 -3.40724e+00 -3.66516e+00
0 -3.40724e+00 -3.66719e+00
0 -3.40724e+00 -3.66996e+00
0 -3.40724e+00 -3.66863e+00
0 -3.40724e+00 -3.66861e+00
0 -3.40724e+00 -3.66843e+00
0 -3.40724e+00 -3.67111e+00
0 -3.40724e+00 -3.67352e+00
0 -3.40724e+00 -3.67609e+00
0 -3.40724e+00 -3.67723e+00
0 -3.40724e+00 -3.67265e+00
0 -3.40724e+00 -3.66922e+00
0 -3.40724e+00 -3.66938e+00
0 -3.40724e+00 -3.66689e+00
0 -3.40724e+00 -3.66073e+00
0 -3.40724e+00 -3.65748e+00
0 -3.40724e+00 -3.66013e+00
0 -3.40724e+00 -3.66268e+00
0 -3.40724e+00 -3.66169e+00
0 -3.40724e+00 -3.65794e+00
0 -3.40724e+00 -3.65534e+00
0 -3.40724e+00 -3.65580e+00
0 -3.40724e+00 -3.65782e+00
0 -3.40724e+00 -3.65986e+00
0 -3.40724e+00 -3.66224e+00
0 -3.40724e+00 -3.66234e+00
0 -3.40724e+00 -3.66429e+00
0 -3.40724e+00 -3.66361e+00
0 -3.40724e+00 -3.65983e+00
0 -3.40724e+00 -3.65939e+00
0 -3.40724e+00 -3.65789e+00
0 -3.40724e+00 -3.65297e+00
0 -3.40724e+00 -3.65535e+00
0 -3.40724e+00 -3.65798e+00
0 -3.40724e+00 -3.65432e+00
0 -3.40724e+00 -3.65446e+00
0 -3.40724e+00 -3.65621e+00
0 -3.40724e+00 -3.65036e+00
0 -3.40724e+00 -3.65125e+00
0 -3.40724e+00 -3.65382e+00
0 -3.40724e+00 -3.64683e+00
0 -3.40724e+00 -3.64921e+00
0 -3.40724e+00 -3.65181e+00
0 -3.40724e+00 -3.64972e+00
0 -3.40724e+00 -3.65044e+00
0 -3.40724e+00 -3.65190e+00
0 -3.40724e+00 -3.65321e+00
0 -3.40724e+00 -3.65430e+00
0 -3.40724e+00 -3.65521e+00
0 -3.40724e+00 -3.65159e+00
0 -3.40724e+00 -3.65400e+00
0 -3.40724e+00 -3.65599e+00
0 -3.40724e+00 -3.65433e+00
0 -3.40724e+00 -3.65659e+00
0 -3.40724e+00 -3.65082e+00
0 -3.40724e+00 -3.64481e+00
0 -3.40724e+00 -3.64071e+00
0 -3.40724e+00 -3.64288e+00
0 -3.40724e+00 -3.64215e+00
0 -3.40724e+00 -3.64244e+00
0 -3.40724e+00 -3.64495e+00
0 -3.40724e+00 -3.64421e+00
0 -3.40724e+00 -3.63763e+00
0 -3.40724e+00 -3.63996e+00
0 -3.40724e+00 -3.63949e+00
0 -3.40724e+00 -3.64064e+00
0 -3.40724e+00 -3.64262e+00
0 -3.40724e+00 -3.63656e+00
0 -3.40724e+00 -3.63069e+00
0 -3.40724e+00 -3.63300e+00
0 -3.40724e+00 -3.63550e+00
0 -3.40724e+00 -3.63746e+00
0 -3.40724e+00 -3.63987e+00
0 -3.40724e+00 -3.64098e+00
0 -3.40724e+00 -3.64227e+00
0 -3.40724e+00 -3.64443e+00
0 -3.40724e+00 -3.64694e+00
0 -3.40724e+00 -3.64101e+00
0 -3.40724e+00 -3.64191e+00
0 -3.40724e+00 -3.64328e+00
0 -3.40724e+00 -3.64424e+00
0 -3.40724e+00 -3.64474e+00
0 -3.40724e+00 -3.64353e+00
0 -3.40724e+00 -3.64586e+00
0 -3.40724e+00 -3.64590e+00
0 -3.40724e+00 -3.64570e+00
0 -3.40724e+00 -3.64127e+00
0 -3.40724e+00 -3.63977e+00
0 -3.40724e+00 -3.63802e+00
0 -3.40724e+00 -3.63980e+00
0 -3.40724e+00 -3.63806e+00
0 -3.40724e+00 -3.63978e+00
0 -3.40724e+00 -3.64186e+00
0 -3.40724e+00 -3.64166e+00
0 -3.40724e+00 -3.64407e+00
0 -3.40724e+00 -3.64651e+00
0 -3.40724e+00 -3.64895e+00
0 -3.40724e+00 -3.65132e+00
0 -3.40724e+00 -3.64818e+00
0 -3.40724e+00 -3.65027e+00
0 -3.40724e+00 -3.64931e+00
0 -3.40724e+00 -3.65120e+00
0 -3.40724e+00 -3.64497e+00
0 -3.40724e+00 -3.64150e+00
0 -3.40724e+00 -3.64302e+00
0 -3.40724e+00 -3.64541e+00
0 -3.40724e+00 -3.64781e+00
0 -3.40724e+00 -3.65003e+00
0 -3.40724e+00 -3.64858e+00
0 -3.40724e+00 -3.64473e+00
0 -3.40724e+00 -3.64456e+00
0 -3.40724e+00 -3.64475e+00
0 -3.40724e+00 -3.64710e+00
0 -3.40724e+00 -3.64671e+00
0 -3.40724e+00 -3.64015e+00
0 -3.40724e+00 -3.64252e+00
0 -3.40724e+00 -3.64387e+00
0 -3.40724e+00 -3.64608e+00
0 -3.40724e+00 -3.64696e+00
0 -3.40724e+00 -3.64877e+00
0 -3.40724e+00 -3.64875e+00
0 -3.40724e+00 -3.64578e+00
0 -3.40724e+00 -3.64760e+00
0 -3.40724e+00 -3.64851e+00
0 -3.40724e+00 -3.65008e+00
0 -3.40724e+00 -3.65188e+00
0 -3.40724e+00 -3.65368e+00
0 -3.40724e+00 -3.65343e+00
0 -3.40724e+00 -3.65565e+00
0 -3.40724e+00 -3.65793e+00
0 -3.40724e+00 -3.65694e+00
0 -3.40724e+00 -3.65778e+00
0 -3.40724e+00 -3.65853e+00
0 -3.40724e+00 -3.65857e+00
0 -3.40724e+00 -3.65860e+00
0 -3.40724e+00 -3.65755e+00
0 -3.40724e+00 -3.65735e+00
0 -3.40724e+00 -3.65918e+00
0 -3.40724e+00 -3.65790e+00
0 -3.40724e+00 -3.65927e+00
0 -3.40724e+00 -3.66151e+00
0 -3.40724e+00 -3.66348e+00
0 -3.40724e+00 -3.66311e+00
0 -3.40724e+00 -3.66448e+00
0 -3.40724e+00 -3.66627e+00
0 -3.40724e+00 -3.66828e+00
0 -3.40724e+00 -3.66843e+00
0 -3.40724e+00 -3.67071e+00
0 -3.40724e+00 -3.67192e+00
0 -3.40724e+00 -3.67220e+00
0 -3.40724e+00 -3.67440e+00
0 -3.40724e+00 -3.67483e+00
0 -3.40724e+00 -3.67495e+00
0 -3.40724e+00 -3.66922e+00
0 -3.40724e+00 -3.67032e+00
0 -3.40724e+00 -3.66436e+00
0 -3.40724e+00 -3.66662e+00
0 -3.40724e+00 -3.66522e+00
0 -3.40724e+00 -3.66368e+00
0 -3.40724e+00 -3.65746e+00
0 -3.40724e+00 -3.65217e+00
0 -3.40724e+00 -3.65245e+00
0 -3.40724e+00 -3.65212e+00
0 -3.40724e+00 -3.64962e+00
0 -3.40724e+00 -3.64991e+00
0 -3.40724e+00 -3.65005e+00
0 -3.40724e+00 -3.65142e+00
0 -3.40724e+00 -3.65087e+00
0 -3.40724e+00 -3.65170e+00
0 -3.40724e+00 -3.65348e+00
0 -3.40724e+00 -3.65459e+00
0 -3.40724e+00 -3.65364e+00
0 -3.40724e+00 -3.65571e+00
0 -3.40724e+00 -3.65777e+00
0 -3.40724e+00 -3.65968e+00
0 -3.40724e+00 -3.65824e+00
0 -3.40724e+00 -3.65855e+00
0 -3.40724e+00 -3.66017e+00
0 -3.40724e+00 -3.66046e+00
0 -3.40724e+00 -3.66148e+00
0 -3.40724e+00 -3.65802e+00
0 -3.40724e+00 -3.65942e+00
0 -3.40724e+00 -3.65641e+00
0 -3.40724e+00 -3.65769e+00
0 -3.40724e+00 -3.65602e+00
0 -3.40724e+00 -3.65408e+00
0 -3.40724e+00 -3.65300e+00
0 -3.40724e+00 -3.65014e+00
0 -3.40724e+00 -3.64459e+00
0 -3.40724e+00 -3.64675e+00
0 -3.40724e+00 -3.64781e+00
0 -3.40724e+00 -3.64662e+00
0 -3.40724e+00 -3.64879e+00
0 -3.40724e+00 -3.65095e+00
0 -3.40724e+00 -3.64575e+00
0 -3.40724e+00 -3.64768e+00
0 -3.40724e+00 -3.64737e+00
0 -3.40724e+00 -3.64643e+00
0 -3.40724e+00 -3.64221e+00
0 -3.40724e+00 -3.64027e+00
0 -3.40724e+00 -3.64151e+00
0 -3.40724e+00 -3.64243e+00
0 -3.40724e+00 -3.64449e+00
0 -3.40724e+00 -3.64537e+00
0 -3.40724e+00 -3.64733e+00
0 -3.40724e+00 -3.64291e+00
0 -3.40724e+00 -3.64373e+00
0 -3.40724e+00 -3.64186e+00
0 -3.40724e+00 -3.64383e+00
0 -3.40724e+00 -3.64248e+00
0 -3.40724e+00 -3.64375e+00
0 -3.40724e+00 -3.64587e+00
0 -3.40724e+00 -3.64448e+00
0 -3.40724e+00 -3.64653e+00
0 -3.40724e+00 -3.64684e+00
0 -3.40724e+00 -3.64659e+00
0 -3.40724e+00 -3.64705e+00
0 -3.40724e+00 -3.64472e+00
0 -3.40724e+00 -3.64629e+00
0 -3.40724e+00 -3.64673e+00
0 -3.40724e+00 -3.64879e+00
0 -3.40724e+00 -3.64753e+00
0 -3.40724e+00 -3.64835e+00
0 -3.40724e+00 -3.65046e+00
0 -3.40724e+00 -3.64637e+00
0 -3.40724e+00 -3.64812e+00
0 -3.40724e+00 -3.64256e+00
0 -3.40724e+00 -3.64375e+00
0 -3.40724e+00 -3.64547e+00
0 -3.40724e+00 -3.64208e+00
0 -3.40724e+00 -3.64171e+00
0 -3.40724e+00 -3.64211e+00
0 -3.40724e+00 -3.64227e+00
0 -3.40724e+00 -3.64380e+00
0 -3.40724e+00 -3.63957e+00
0 -3.40724e+00 -3.63982e+00
0 -3.40724e+00 -3.63948e+00
0 -3.40724e+00 -3.63426e+00
0 -3.40724e+00 -3.63627e+00
0 -3.40724e+00 -3.63812e+00
0 -3.40724e+00 -3.63649e+00
0 -3.40724e+00 -3.63286e+00
0 -3.40724e+00 -3.63191e+00
0 -3.40724e+00 -3.62887e+00
0 -3.40724e+00 -3.62835e+00
0 -3.40724e+00 -3.62923e+00
0 -3.40724e+00 -3.63107e+00
0 -3.40724e+00 -3.62832e+00
0 -3.40724e+00 -3.63032e+00
0 -3.40724e+00 -3.63237e+00
0 -3.40724e+00 -3.63114e+00
0 -3.40724e+00 -3.63312e+00
0 -3.40724e+00 -3.63390e+00
0 -3.40724e+00 -3.63528e+00
0 -3.40724e+00 -3.63423e+00
0 -3.40724e+00 -3.63063e+00
0 -3.40724e+00 -3.63267e+00
0 -3.40724e+00 -3.63471e+00
0 -3.40724e+00 -3.63673e+00
0 -3.40724e+00 -3.63756e+00
0 -3.40724e+00 -3.63946e+00
0 -3.40724e+00 -3.64107e+00
0 -3.40724e+00 -3.64080e+00
0 -3.40724e+00 -3.63965e+00
0 -3.40724e+00 -3.64094e+00
0 -3.40724e+00 -3.64294e+00
0 -3.40724e+00 -3.64237e+00
0 -3.40724e+00 -3.64415e+00
0 -3.40724e+00 -3.63897e+00
0 -3.40724e+00 -3.63528e+00
0 -3.40724e+00 -3.63517e+00
0 -3.40724e+00 -3.63274e+00
0 -3.40724e+00 -3.63474e+00
0 -3.40724e+00 -3.63408e+00
0 -3.40724e+00 -3.63547e+00
0 -3.40724e+00 -3.63693e+00
0 -3.40724e+00 -3.63163e+00
0 -3.40724e+00 -3.63359e+00
0 -3.40724e+00 -3.63555e+00
0 -3.40724e+00 -3.63539e+00
0 -3.40724e+00 -3.63695e+00
0 -3.40724e+00 -3.63861e+00
0 -3.40724e+00 -3.64038e+00
0 -3.40724e+00 -3.64061e+00
0 -3.40724e+00 -3.64089e+00
0 -3.40724e+00 -3.64116e+00
0 -3.40724e+00 -3.64173e+00
0 -3.40724e+00 -3.63806e+00
0 -3.40724e+00 -3.63997e+00
0 -3.40724e+00 -3.63820e+00
0 -3.40724e+00 -3.64015e+00
0 -3.40724e+00 -3.63505e+00
0 -3.40724e+00 -3.63062e+00
0 -3.40724e+00 -3.62841e+00
0 -3.40724e+00 -3.63024e+00
0 -3.40724e+00 -3.63206e+00
0 -3.40724e+00 -3.63282e+00
0 -3.40724e+00 -3.63330e+00
0 -3.40724e+00 -3.63450e+00
0 -3.40724e+00 -3.63504e+00
0 -3.40724e+00 -3.63089e+00
0 -3.40724e+00 -3.63244e+00
0 -3.40724e+00 -3.63438e+00
0 -3.40724e+00 -3.63322e+00
0 -3.40724e+00 -3.63496e+00
0 -3.40724e+00 -3.63202e+00
0 -3.40724e+00 -3.63270e+00
0 -3.40724e+00 -3.63382e+00
0 -3.40724e+00 -3.63575e+00
0 -3.40724e+00 -3.63464e+00
0 -3.40724e+00 -3.63522e+00
0 -3.40724e+00 -3.63152e+00
0 -3.40724e+00 -3.63333e+00
0 -3.40724e+00 -3.62883e+00
0 -3.40724e+00 -3.63074e+00
0 -3.40724e+00 -3.63063e+00
0 -3.40724e+00 -3.63016e+00
0 -3.40724e+00 -3.63104e+00
0 -3.40724e+00 -3.62674e+00
0 -3.40724e+00 -3.62655e+00
0 -3.40724e+00 -3.62691e+00
0 -3.40724e+00 -3.62444e+00
0 -3.40724e+00 -3.62628e+00
0 -3.40724e+00 -3.62447e+00
0 -3.40724e+00 -3.62578e+00
0 -3.40724e+00 -3.62742e+00
0 -3.40724e+00 -3.62896e+00
0 -3.40724e+00 -3.62957e+00
0 -3.40724e+00 -3.63086e+00
0 -3.40724e+00 -3.63053e+00
0 -3.40724e+00 -3.63233e+00
0 -3.40724e+00 -3.63104e+00
0 -3.40724e+00 -3.63088e+00
0 -3.40724e+00 -3.63257e+00
0 -3.40724e+00 -3.62805e+00
0 -3.40724e+00 -3.62437e+00
0 -3.40724e+00 -3.62038e+00
0 -3.40724e+00 -3.62222e+00
0 -3.40724e+00 -3.62355e+00
0 -3.40724e+00 -3.62404e+00
0 -3.40724e+00 -3.62577e+00
0 -3.40724e+00 -3.62668e+00
0 -3.40724e+00 -3.62147e+00
0 -3.40724e+00 -3.62322e+00
0 -3.40724e+00 -3.62397e+00
0 -3.40724e+00 -3.62583e+00
0 -3.40724e+00 -3.62768e+00
0 -3.40724e+00 -3.62878e+00
0 -3.40724e+00 -3.62966e+00
0 -3.40724e+00 -3.63144e+00
0 -3.40724e+00 -3.62711e+00
0 -3.40724e+00 -3.62727e+00
0 -3.40724e+00 -3.62708e+00
0 -3.40724e+00 -3.62828e+00
0 -3.40724e+00 -3.62570e+00
0 -3.40724e+00 -3.62742e+00
0 -3.40724e+00 -3.62927e+00
0 -3.40724e+00 -3.63034e+00
0 -3.40724e+00 -3.62895e+00
0 -3.40724e+00 -3.62401e+00
0 -3.40724e+00 -3.62313e+00
0 -3.40724e+00 -3.62009e+00
0 -3.40724e+00 -3.61973e+00
0 -3.40724e+00 -3.62028e+00
0 -3.40724e+00 -3.61995e+00
0 -3.40724e+00 -3.62077e+00
0 -3.40724e+00 -3.62062e+00
0 -3.40724e+00 -3.62245e+00
0 -3.40724e+00 -3.61821e+00
0 -3.40724e+00 -3.61566e+00
0 -3.40724e+00 -3.61491e+00
0 -3.40724e+00 -3.61410e+00
0 -3.40724e+00 -3.61251e+00
0 -3.40724e+00 -3.61403e+00
0 -3.40724e+00 -3.60973e+00
0 -3.40724e+00 -3.60552e+00
0 -3.40724e+00 -3.60725e+00
0 -3.40724e+00 -3.60425e+00
0 -3.40724e+00 -3.60529e+00
0 -3.40724e+00 -3.60680e+00
0 -3.40724e+00 -3.60331e+00
0 -3.40724e+00 -3.60488e+00
0 -3.40724e+00 -3.60635e+00
0 -3.40724e+00 -3.60785e+00
0 -3.40724e+00 -3.60764e+00
0 -3.40724e+00 -3.60267e+00
0 -3.40724e+00 -3.60272e+00
0 -3.40724e+00 -3.60159e+00
0 -3.40724e+00 -3.60331e+00
0 -3.40724e+00 -3.60482e+00
0 -3.40724e+00 -3.60661e+00
0 -3.40724e+00 -3.60821e+00
0 -3.40724e+00 -3.60912e+00
0 -3.40724e+00 -3.60693e+00
0 -3.40724e+00 -3.60600e+00
0 -3.40724e+00 -3.60689e+00
0 -3.40724e+00 -3.60211e+00
0 -3.40724e+00 -3.60366e+00
0 -3.40724e+00 -3.60492e+00
0 -3.40724e+00 -3.60178e+00
0 -3.40724e+00 -3.60275e+00
0 -3.40724e+00 -3.60435e+00
0 -3.40724e+00 -3.60540e+00
0 -3.40724e+00 -3.60712e+00
0 -3.40724e+00 -3.60601e+00
0 -3.40724e+00 -3.60134e+00
0 -3.40724e+00 -3.60209e+00
0 -3.40724e+00 -3.60237e+00
0 -3.40724e+00 -3.60299e+00
0 -3.40724e+00 -3.60471e+00
0 -3.40724e+00 -3.60645e+00
0 -3.40724e+00 -3.60691e+00
0 -3.40724e+00 -3.60523e+00
0 -3.40724e+00 -3.60679e+00
0 -3.40724e+00 -3.60848e+00
0 -3.40724e+00 -3.60869e+00
0 -3.40724e+00 -3.61033e+00
0 -3.40724e+00 -3.61183e+00
0 -3.40724e+00 -3.60886e+00
0 -3.40724e+00 -3.60801e+00
0 -3.40724e+00 -3.60894e+00
0 -3.40724e+00 -3.61064e+00
0 -3.40724e+00 -3.60867e+00
0 -3.40724e+00 -3.60880e+00
0 -3.40724e+00 -3.60794e+00
0 -3.40724e+00 -3.60960e+00
0 -3.40724e+00 -3.61109e+00
0 -3.40724e+00 -3.61268e+00
0 -3.40724e+00 -3.61415e+00
0 -3.40724e+00 -3.61213e+00
0 -3.40724e+00 -3.61299e+00
0 -3.40724e+00 -3.61370e+00
0 -3.40724e+00 -3.61469e+00
0 -3.40724e+00 -3.61572e+00
0 -3.40724e+00 -3.61730e+00
0 -3.40724e+00 -3.61529e+00
0 -3.40724e+00 -3.61664e+00
0 -3.40724e+00 -3.61224e+00
0 -3.40724e+00 -3.60982e+00
0 -3.40724e+00 -3.60983e+00
0 -3.40724e+00 -3.60532e+00
0 -3.40724e+00 -3.60457e+00
0 -3.40724e+00 -3.60619e+00
0 -3.40724e+00 -3.60766e+00
0 -3.40724e+00 -3.60829e+00
0 -3.40724e+00 -3.60706e+00
0 -3.40724e+00 -3.60762e+00
0 -3.40724e+00 -3.60909e+00
0 -3.40724e+00 -3.61044e+00
0 -3.40724e+00 -3.61161e+00
0 -3.40724e+00 -3.61263e+00
0 -3.40724e+00 -3.61411e+00
0 -3.40724e+00 -3.61473e+00
0 -3.40724e+00 -3.61206e+00
0 -3.40724e+00 -3.61272e+00
0 -3.40724e+00 -3.61430e+00
0 -3.40724e+00 -3.61214e+00
0 -3.40724e+00 -3.60842e+00
0 -3.40724e+00 -3.60997e+00
0 -3.40724e+00 -3.60955e+00
0 -3.40724e+00 -3.60819e+00
0 -3.40724e+00 -3.60985e+00
0 -3.40724e+00 -3.61071e+00
0 -3.40724e+00 -3.61179e+00
0 -3.40724e+00 -3.61282e+00
0 -3.40724e+00 -3.61373e+00
0 -3.40724e+00 -3.61247e+00
0 -3.40724e+00 -3.61357e+00
0 -3.40724e+00 -3.61517e+00
0 -3.40724e+00 -3.61583e+00
0 -3.40724e+00 -3.61698e+00
0 -3.40724e+00 -3.61801e+00
0 -3.40724e+00 -3.61882e+00
0 -3.40724e+00 -3.61852e+00
0 -3.40724e+00 -3.61782e+00
0 -3.40724e+00 -3.61877e+00
0 -3.40724e+00 -3.62033e+00
0 -3.40724e+00 -3.62189e+00
0 -3.40724e+00 -3.61758e+00
0 -3.40724e+00 -3.61878e+00
0 -3.40724e+00 -3.61987e+00
0 -3.40724e+00 -3.61733e+00
0 -3.40724e+00 -3.61792e+00
0 -3.40724e+00 -3.61951e+00
0 -3.40724e+00 -3.62049e+00
0 -3.40724e+00 -3.61660e+00
0 -3.40724e+00 -3.61690e+00
0 -3.40724e+00 -3.61399e+00
0 -3.40724e+00 -3.61320e+00
0 -3.40724e+00 -3.61360e+00
0 -3.40724e+00 -3.61021e+00
0 -3.40724e+00 -3.61027e+00
0 -3.40724e+00 -3.61154e+00
0 -3.40724e+00 -3.61316e+00
0 -3.40724e+00 -3.61477e+00
0 -3.40724e+00 -3.61418e+00
0 -3.40724e+00 -3.61285e+00
0 -3.40724e+00 -3.61442e+00
0 -3.40724e+00 -3.61540e+00
0 -3.40724e+00 -3.61696e+00
0 -3.40724e+00 -3.61415e+00
0 -3.40724e+00 -3.61534e+00
0 -3.40724e+00 -3.61157e+00
0 -3.40724e+00 -3.61156e+00
0 -3.40724e+00 -3.61241e+00
0 -3.40724e+00 -3.61403e+00
0 -3.40724e+00 -3.61565e+00
0 -3.40724e+00 -3.61640e+00
0 -3.40724e+00 -3.61287e+00
0 -3.40724e+00 -3.61419e+00
0 -3.40724e+00 -3.61312e+00
0 -3.40724e+00 -3.61353e+00
0 -3.40724e+00 -3.61315e+00
0 -3.40724e+00 -3.61278e+00
0 -3.40724e+00 -3.61029e+00
0 -3.40724e+00 -3.61143e+00
0 -3.40724e+00 -3.61278e+00
0 -3.40724e+00 -3.61094e+00
0 -3.40724e+00 -3.61232e+00
0 -3.40724e+00 -3.61368e+00
0 -3.40724e+00 -3.61524e+00
0 -3.40724e+00 -3.61491e+00
0 -3.40724e+00 -3.61455e+00
0 -3.40724e+00 -3.61599e+00
0 -3.40724e+00 -3.61692e+00
0 -3.40724e+00 -3.61501e+00
0 -3.40724e+00 -3.61200e+00
0 -3.40724e+00 -3.61160e+00
0 -3.40724e+00 -3.61284e+00
0 -3.40724e+00 -3.61417e+00
0 -3.40724e+00 -3.61086e+00
0 -3.40724e+00 -3.61216e+00
0 -3.40724e+00 -3.61223e+00
0 -3.40724e+00 -3.61201e+00
0 -3.40724e+00 -3.61131e+00
0 -3.40724e+00 -3.61205e+00
0 -3.40724e+00 -3.61305e+00
0 -3.40724e+00 -3.61285e+00
0 -3.40724e+00 -3.61344e+00
0 -3.40724e+00 -3.61473e+00
0 -3.40724e+00 -3.61543e+00
0 -3.40724e+00 -3.61438e+00
0 -3.40724e+00 -3.61394e+00
0 -3.40724e+00 -3.61376e+00
0 -3.40724e+00 -3.61526e+00
0 -3.40724e+00 -3.61278e+00
0 -3.40724e+00 -3.61241e+00
0 -3.40724e+00 -3.61398e+00
0 -3.40724e+00 -3.61472e+00
0 -3.40724e+00 -3.61273e+00
0 -3.40724e+00 -3.61363e+00
0 -3.40724e+00 -3.61004e+00
0 -3.40724e+00 -3.61147e+00
0 -3.40724e+00 -3.61185e+00
0 -3.40724e+00 -3.61323e+00
0 -3.40724e+00 -3.60941e+00
0 -3.40724e+00 -3.60986e+00
0 -3.40724e+00 -3.61136e+00
0 -3.40724e+00 -3.61249e+00
0 -3.40724e+00 -3.61393e+00
0 -3.40724e+00 -3.61548e+00
0 -3.40724e+00 -3.61482e+00
0 -3.40724e+00 -3.61630e+00
0 -3.40724e+00 -3.61710e+00
0 -3.40724e+00 -3.61720e+00
0 -3.40724e+00 -3.61845e+00
0 -3.40724e+00 -3.61633e+00
0 -3.40724e+00 -3.61482e+00
0 -3.40724e+00 -3.61298e+00
0 -3.40724e+00 -3.61438e+00
0 -3.40724e+00 -3.61589e+00
0 -3.40724e+00 -3.61579e+00
0 -3.40724e+00 -3.61381e+00
0 -3.40724e+00 -3.60987e+00
0 -3.40724e+00 -3.61135e+00
0 -3.40724e+00 -3.61251e+00
0 -3.40724e+00 -3.61315e+00
0 -3.40724e+00 -3.61272e+00
0 -3.40724e+00 -3.61354e+00
0 -3.40724e+00 -3.61505e+00
0 -3.40724e+00 -3.61655e+00
0 -3.40724e+00 -3.61621e+00
0 -3.40724e+00 -3.61741e+00
0 -3.40724e+00 -3.61609e+00
0 -3.40724e+00 -3.61542e+00
0 -3.40724e+00 -3.61690e+00
0 -3.40724e+00 -3.61777e+00
0 -3.40724e+00 -3.61629e+00
0 -3.40724e+00 -3.61660e+00
0 -3.40724e+00 -3.61750e+00
0 -3.40724e+00 -3.61901e+00
0 -3.40724e+00 -3.61988e+00
0 -3.40724e+00 -3.62067e+00
0 -3.40724e+00 -3.61883e+00
0 -3.40724e+00 -3.62032e+00
0 -3.40724e+00 -3.61865e+00
0 -3.40724e+00 -3.61608e+00
0 -3.40724e+00 -3.61731e+00
0 -3.40724e+00 -3.61846e+00
0 -3.40724e+00 -3.61634e+00
0 -3.40724e+00 -3.61409e+00
0 -3.40724e+00 -3.61434e+00
0 -3.40724e+00 -3.61553e+00
0 -3.40724e+00 -3.61639e+00
0 -3.40724e+00 -3.61485e+00
0 -3.40724e+00 -3.61486e+00
0 -3.40724e+00 -3.61572e+00
0 -3.40724e+00 -3.61671e+00
0 -3.40724e+00 -3.61793e+00
0 -3.40724e+00 -3.61910e+00
0 -3.40724e+00 -3.61493e+00
0 -3.40724e+00 -3.61528e+00
0 -3.40724e+00 -3.61437e+00
0 -3.40724e+00 -3.61289e+00
0 -3.40724e+00 -3.61429e+00
0 -3.40724e+00 -3.61574e+00
0 -3.40724e+00 -3.61244e+00
0 -3.40724e+00 -3.61330e+00
0 -3.40724e+00 -3.61114e+00
0 -3.40724e+00 -3.61222e+00
0 -3.40724e+00 -3.61370e+00
0 -3.40724e+00 -3.61516e+00
0 -3.40724e+00 -3.61612e+00
0 -3.40724e+00 -3.61259e+00
0 -3.40724e+00 -3.60886e+00
0 -3.40724e+00 -3.61033e+00
0 -3.40724e+00 -3.61114e+00
0 -3.40724e+00 -3.61252e+00
0 -3.40724e+00 -3.60984e+00
0 -3.40724e+00 -3.61033e+00
0 -3.40724e+00 -3.61164e+00
0 -3.40724e+00 -3.61267e+00
0 -3.40724e+00 -3.61277e+00
0 -3.40724e+00 -3.61034e+00
0 -3.40724e+00 -3.61098e+00
0 -3.40724e+00 -3.61122e+00
0 -3.40724e+00 -3.60837e+00
0 -3.40724e+00 -3.60733e+00
0 -3.40724e+00 -3.60821e+00
0 -3.40724e+00 -3.60957e+00
0 -3.40724e+00 -3.61025e+00
0 -3.40724e+00 -3.61137e+00
0 -3.40724e+00 -3.61269e+00
0 -3.40724e+00 -3.61060e+00
0 -3.40724e+00 -3.61202e+00
0 -3.40724e+00 -3.61130e+00
0 -3.40724e+00 -3.61066e+00
0 -3.40724e+00 -3.60943e+00
0 -3.40724e+00 -3.61076e+00
0 -3.40724e+00 -3.61173e+00
0 -3.40724e+00 -3.61278e+00
0 -3.40724e+00 -3.61419e+00
0 -3.40724e+00 -3.61563e+00
0 -3.40724e+00 -3.61642e+00
0 -3.40724e+00 -3.61657e+00
0 -3.40724e+00 -3.61794e+00
0 -3.40724e+00 -3.61918e+00
0 -3.40724e+00 -3.61795e+00
0 -3.40724e+00 -3.61925e+00
0 -3.40724e+00 -3.62026e+00
0 -3.40724e+00 -3.62168e+00
0 -3.40724e+00 -3.61976e+00
0 -3.40724e+00 -3.62072e+00
0 -3.40724e+00 -3.61988e+00
0 -3.40724e+00 -3.62100e+00
0 -3.40724e+00 -3.62206e+00
0 -3.40724e+00 -3.62292e+00
0 -3.40724e+00 -3.62299e+00
0 -3.40724e+00 -3.62343e+00
0 -3.40724e+00 -3.62212e+00
0 -3.40724e+00 -3.62321e+00
0 -3.40724e+00 -3.62084e+00
0 -3.40724e+00 -3.62226e+00
0 -3.40724e+00 -3.62316e+00
0 -3.40724e+00 -3.62319e+00
0 -3.40724e+00 -3.62443e+00
0 -3.40724e+00 -3.62515e+00
0 -3.40724e+00 -3.62634e+00
0 -3.40724e+00 -3.62766e+00
0 -3.40724e+00 -3.62874e+00
0 -3.40724e+00 -3.62992e+00
0 -3.40724e+00 -3.63085e+00
0 -3.40724e+00 -3.63009e+00
0 -3.40724e+00 -3.63074e+00
0 -3.40724e+00 -3.63214e+00
0 -3.40724e+00 -3.63349e+00
0 -3.40724e+00 -3.63053e+00
0 -3.40724e+00 -3.62688e+00
0 -3.40724e+00 -3.62713e+00
0 -3.40724e+00 -3.62570e+00
0 -3.40724e+00 -3.62539e+00
0 -3.40724e+00 -3.62676e+00
0 -3.40724e+00 -3.62738e+00
0 -3.40724e+00 -3.62791e+00
0 -3.40724e+00 -3.62608e+00
0 -3.40724e+00 -3.62545e+00
0 -3.40724e+00 -3.62671e+00
0 -3.40724e+00 -3.62749e+00
0 -3.40724e+00 -3.62529e+00
0 -3.40724e+00 -3.62634e+00
0 -3.40724e+00 -3.62738e+00
0 -3.40724e+00 -3.62353e+00
0 -3.40724e+00 -3.62492e+00
0 -3.40724e+00 -3.62519e+00
0 -3.40724e+00 -3.62445e+00
0 -3.40724e+00 -3.62482e+00
0 -3.40724e+00 -3.62609e+00
0 -3.40724e+00 -3.62644e+00
0 -3.40724e+00 -3.62772e+00
0 -3.40724e+00 -3.62781e+00
0 -3.40724e+00 -3.62893e+00
0 -3.40724e+00 -3.62622e+00
0 -3.40724e+00 -3.62700e+00
0 -3.40724e+00 -3.62732e+00
0 -3.40724e+00 -3.62788e+00
0 -3.40724e+00 -3.62900e+00
0 -3.40724e+00 -3.62711e+00
0 -3.40724e+00 -3.62839e+00
0 -3.40724e+00 -3.62933e+00
0 -3.40724e+00 -3.63047e+00
0 -3.40724e+00 -3.62977e+00
0 -3.40724e+00 -3.62859e+00
0 -3.40724e+00 -3.62995e+00
0 -3.40724e+00 -3.62870e+00
0 -3.40724e+00 -3.62667e+00
0 -3.40724e+00 -3.62795e+00
0 -3.40724e+00 -3.62892e+00
0 -3.40724e+00 -3.63023e+00
0 -3.40724e+00 -3.63156e+00
0 -3.40724e+00 -3.63264e+00
0 -3.40724e+00 -3.63392e+00
0 -3.40724e+00 -3.63053e+00
0 -3.40724e+00 -3.62929e+00
0 -3.40724e+00 -3.63044e+00
0 -3.40724e+00 -3.63135e+00
0 -3.40724e+00 -3.63216e+00
0 -3.40724e+00 -3.62865e+00
0 -3.40724e+00 -3.62993e+00
0 -3.40724e+00 -3.62722e+00
0 -3.40724e+00 -3.62407e+00
0 -3.40724e+00 -3.62455e+00
0 -3.40724e+00 -3.62423e+00
0 -3.40724e+00 -3.62363e+00
0 -3.40724e+00 -3.62490e+00
0 -3.40724e+00 -3.62328e+00
0 -3.40724e+00 -3.62201e+00
0 -3.40724e+00 -3.62006e+00
0 -3.40724e+00 -3.61952e+00
0 -3.40724e+00 -3.61947e+00
0 -3.40724e+00 -3.61990e+00
0 -3.40724e+00 -3.61902e+00
0 -3.40724e+00 -3.62003e+00
0 -3.40724e+00 -3.61998e+00
0 -3.40724e+00 -3.62112e+00
0 -3.40724e+00 -3.61849e+00
0 -3.40724e+00 -3.61982e+00
0 -3.40724e+00 -3.61972e+00
0 -3.40724e+00 -3.61952e+00
0 -3.40724e+00 -3.61922e+00
0 -3.40724e+00 -3.62055e+00
0 -3.40724e+00 -3.62141e+00
0 -3.40724e+00 -3.62219e+00
0 -3.40724e+00 -3.62347e+00
0 -3.40724e+00 -3.62358e+00
0 -3.40724e+00 -3.62486e+00
0 -3.40724e+00 -3.62348e+00
0 -3.40724e+00 -3.62386e+00
0 -3.40724e+00 -3.62442e+00
0 -3.40724e+00 -3.62241e+00
0 -3.40724e+00 -3.62260e+00
0 -3.40724e+00 -3.62390e+00
0 -3.40724e+00 -3.62333e+00
0 -3.40724e+00 -3.62277e+00
0 -3.40724e+00 -3.62131e+00
0 -3.40724e+00 -3.62259e+00
0 -3.40724e+00 -3.62308e+00
0 -3.40724e+00 -3.62439e+00
0 -3.40724e+00 -3.62305e+00
0 -3.40724e+00 -3.62154e+00
0 -3.40724e+00 -3.62285e+00
0 -3.40724e+00 -3.62404e+00
0 -3.40724e+00 -3.62224e+00
0 -3.40724e+00 -3.62340e+00
0 -3.40724e+00 -3.62164e+00
0 -3.40724e+00 -3.62265e+00
0 -3.40724e+00 -3.62395e+00
0 -3.40724e+00 -3.62515e+00
0 -3.40724e+00 -3.62442e+00
0 -3.40724e+00 -3.62183e+00
0 -3.40724e+00 -3.62312e+00
0 -3.40724e+00 -3.62386e+00
0 -3.40724e+00 -3.62411e+00
0 -3.40724e+00 -3.62542e+00
0 -3.40724e+00 -3.62488e+00
0 -3.40724e+00 -3.62556e+00
0 -3.40724e+00 -3.62672e+00
0 -3.40724e+00 -3.62792e+00
0 -3.40724e+00 -3.62893e+00
0 -3.40724e+00 -3.63023e+00
0 -3.40724e+00 -3.63142e+00
0 -3.40724e+00 -3.63156e+00
0 -3.40724e+00 -3.63253e+00
0 -3.40724e+00 -3.63226e+00
0 -3.40724e+00 -3.63348e+00
0 -3.40724e+00 -3.63342e+00
0 -3.40724e+00 -3.63160e+00
0 -3.40724e+00 -3.63268e+00
0 -3.40724e+00 -3.63364e+00
0 -3.40724e+00 -3.63490e+00
0 -3.40724e+00 -3.63379e+00
0 -3.40724e+00 -3.63255e+00
0 -3.40724e+00 -3.63351e+00
0 -3.40724e+00 -3.63469e+00
0 -3.40724e+00 -3.63429e+00
0 -3.40724e+00 -3.63319e+00
0 -3.40724e+00 -3.63432e+00
0 -3.40724e+00 -3.63547e+00
0 -3.40724e+00 -3.63660e+00
0 -3.40724e+00 -3.63307e+00
0 -3.40724e+00 -3.63074e+00
0 -3.40724e+00 -3.63087e+00
0 -3.40724e+00 -3.63172e+00
0 -3.40724e+00 -3.62828e+00
0 -3.40724e+00 -3.62946e+00
0 -3.40724e+00 -3.63044e+00
0 -3.40724e+00 -3.63155e+00
0 -3.40724e+00 -3.62894e+00
0 -3.40724e+00 -3.63017e+00
0 -3.40724e+00 -3.63137e+00
0 -3.40724e+00 -3.62873e+00
0 -3.40724e+00 -3.62840e+00
0 -3.40724e+00 -3.62703e+00
0 -3.40724e+00 -3.62792e+00
0 -3.40724e+00 -3.62457e+00
0 -3.40724e+00 -3.62502e+00
0 -3.40724e+00 -3.62604e+00
0 -3.40724e+00 -3.62731e+00
0 -3.40724e+00 -3.62748e+00
0 -3.40724e+00 -3.62856e+00
0 -3.40724e+00 -3.62958e+00
0 -3.40724e+00 -3.62932e+00
0 -3.40724e+00 -3.63012e+00
0 -3.40724e+00 -3.63133e+00
0 -3.40724e+00 -3.63058e+00
0 -3.40724e+00 -3.63133e+00
0 -3.40724e+00 -3.63251e+00
0 -3.40724e+00 -3.63371e+00
0 -3.40724e+00 -3.63473e+00
0 -3.40724e+00 -3.63308e+00
0 -3.40724e+00 -3.63277e+00
0 -3.40724e+00 -3.63396e+00
0 -3.40724e+00 -3.63415e+00
0 -3.40724e+00 -3.63289e+00
0 -3.40724e+00 -3.63021e+00
0 -3.40724e+00 -3.62695e+00
0 -3.40724e+00 -3.62671e+00
0 -3.40724e+00 -3.62779e+00
0 -3.40724e+00 -3.62905e+00
0 -3.40724e+00 -3.62625e+00
0 -3.40724e+00 -3.62751e+00
0 -3.40724e+00 -3.62795e+00
0 -3.40724e+00 -3.62842e+00
0 -3.40724e+00 -3.62832e+00
0 -3.40724e+00 -3.62623e+00
0 -3.40724e+00 -3.62631e+00
0 -3.40724e+00 -3.62714e+00
0 -3.40724e+00 -3.62635e+00
0 -3.40724e+00 -3.62746e+00
0 -3.40724e+00 -3.62869e+00
0 -3.40724e+00 -3.62915e+00
0 -3.40724e+00 -3.62882e+00
0 -3.40724e+00 -3.62986e+00
0 -3.40724e+00 -3.62752e+00
0 -3.40724e+00 -3.62823e+00
0 -3.40724e+00 -3.62944e+00
0 -3.40724e+00 -3.62902e+00
0 -3.40724e+00 -3.62975e+00
0 -3.40724e+00 -3.63044e+00
0 -3.40724e+00 -3.63130e+00
0 -3.40724e+00 -3.63130e+00
0 -3.40724e+00 -3.62956e+00
0 -3.40724e+00 -3.63058e+00
0 -3.40724e+00 -3.63142e+00
0 -3.40724e+00 -3.63129e+00
0 -3.40724e+00 -3.63218e+00
0 -3.40724e+00 -3.63338e+00
0 -3.40724e+00 -3.63423e+00
0 -3.40724e+00 -3.63522e+00
0 -3.40724e+00 -3.63215e+00
0 -3.40724e+00 -3.63337e+00
0 -3.40724e+00 -3.63439e+00
0 -3.40724e+00 -3.63207e+00
0 -3.40724e+00 -3.63281e+00
0 -3.40724e+00 -3.63155e+00
0 -3.40724e+00 -3.63155e+00
0 -3.40724e+00 -3.62999e+00
0 -3.40724e+00 -3.63115e+00
0 -3.40724e+00 -3.63233e+00
0 -3.40724e+00 -3.63155e+00
0 -3.40724e+00 -3.63027e+00
0 -3.40724e+00 -3.62744e+00
0 -3.40724e+00 -3.62640e+00
0 -3.40724e+00 -3.62650e+00
0 -3.40724e+00 -3.62660e+00
0 -3.40724e+00 -3.62484e+00
0 -3.40724e+00 -3.62323e+00
0 -3.40724e+00 -3.62426e+00
0 -3.40724e+00 -3.62518e+00
0 -3.40724e+00 -3.62532e+00
0 -3.40724e+00 -3.62627e+00
0 -3.40724e+00 -3.62390e+00
0 -3.40724e+00 -3.62367e+00
0 -3.40724e+00 -3.62466e+00
0 -3.40724e+00 -3.62584e+00
0 -3.40724e+00 -3.62614e+00
0 -3.40724e+00 -3.62628e+00
0 -3.40724e+00 -3.62747e+00
0 -3.40724e+00 -3.62856e+00
0 -3.40724e+00 -3.62964e+00
0 -3.40724e+00 -3.62894e+00
0 -3.40724e+00 -3.62894e+00
0 -3.40724e+00 -3.62943e+00
0 -3.40724e+00 -3.63001e+00
0 -3.40724e+00 -3.62871e+00
0 -3.40724e+00 -3.62914e+00
0 -3.40724e+00 -3.63031e+00
0 -3.40724e+00 -3.63151e+00
0 -3.40724e+00 -3.63258e+00
0 -3.40724e+00 -3.63211e+00
0 -3.40724e+00 -3.63170e+00
0 -3.40724e+00 -3.63185e+00
0 -3.40724e+00 -3.63214e+00
0 -3.40724e+00 -3.63239e+00
0 -3.40724e+00 -3.63324e+00
0 -3.40724e+00 -3.63093e+00
0 -3.40724e+00 -3.63213e+00
0 -3.40724e+00 -3.63289e+00
0 -3.40724e+00 -3.63388e+00
0 -3.40724e+00 -3.63208e+00
0 -3.40724e+00 -3.62873e+00
0 -3.40724e+00 -3.62992e+00
0 -3.40724e+00 -3.63071e+00
0 -3.40724e+00 -3.62980e+00
0 -3.40724e+00 -3.62941e+00
0 -3.40724e+00 -3.62786e+00
0 -3.40724e+00 -3.62905e+00
0 -3.40724e+00 -3.62618e+00
0 -3.40724e+00 -3.62668e+00
0 -3.40724e+00 -3.62341e+00
0 -3.40724e+00 -3.62431e+00
0 -3.40724e+00 -3.62499e+00
0 -3.40724e+00 -3.62448e+00
0 -3.40724e+00 -3.62498e+00
0 -3.40724e+00 -3.62570e+00
0 -3.40724e+00 -3.62483e+00
0 -3.40724e+00 -3.62523e+00
0 -3.40724e+00 -3.62503e+00
0 -3.40724e+00 -3.62363e+00
0 -3.40724e+00 -3.62466e+00
0 -3.40724e+00 -3.62195e+00
0 -3.40724e+00 -3.62313e+00
0 -3.40724e+00 -3.62424e+00
0 -3.40724e+00 -3.62539e+00
0 -3.40724e+00 -3.62643e+00
0 -3.40724e+00 -3.62669e+00
0 -3.40724e+00 -3.62785e+00
0 -3.40724e+00 -3.62638e+00
0 -3.40724e+00 -3.62719e+00
0 -3.40724e+00 -3.62487e+00
0 -3.40724e+00 -3.62578e+00
0 -3.40724e+00 -3.62665e+00
0 -3.40724e+00 -3.62714e+00
0 -3.40724e+00 -3.62830e+00
0 -3.40724e+00 -3.62744e+00
0 -3.40724e+00 -3.62861e+00
0 -3.40724e+00 -3.62660e+00
0 -3.40724e+00 -3.62613e+00
0 -3.40724e+00 -3.62598e+00
0 -3.40724e+00 -3.62527e+00
0 -3.40724e+00 -3.62637e+00
0 -3.40724e+00 -3.62524e+00
0 -3.40724e+00 -3.62586e+00
0 -3.40724e+00 -3.62481e+00
0 -3.40724e+00 -3.62466e+00
0 -3.40724e+00 -3.62583e+00
0 -3.40724e+00 -3.62500e+00
0 -3.40724e+00 -3.62398e+00
0 -3.40724e+00 -3.62101e+00
0 -3.40724e+00 -3.61890e+00
0 -3.40724e+00 -3.61936e+00
0 -3.40724e+00 -3.61850e+00
0 -3.40724e+00 -3.61916e+00
0 -3.40724e+00 -3.62024e+00
0 -3.40724e+00 -3.62125e+00
0 -3.40724e+00 -3.62224e+00
0 -3.40724e+00 -3.61988e+00
0 -3.40724e+00 -3.62032e+00
0 -3.40724e+00 -3.61920e+00
0 -3.40724e+00 -3.62035e+00
0 -3.40724e+00 -3.62031e+00
0 -3.40724e+00 -3.62126e+00
0 -3.40724e+00 -3.62031e+00
0 -3.40724e+00 -3.61916e+00
0 -3.40724e+00 -3.61924e+00
0 -3.40724e+00 -3.62012e+00
0 -3.40724e+00 -3.62098e+00
0 -3.40724e+00 -3.61913e+00
0 -3.40724e+00 -3.61971e+00
0 -3.40724e+00 -3.62041e+00
0 -3.40724e+00 -3.62042e+00
0 -3.40724e+00 -3.62155e+00
0 -3.40724e+00 -3.62123e+00
0 -3.40724e+00 -3.61986e+00
0 -3.40724e+00 -3.61796e+00
0 -3.40724e+00 -3.61804e+00
0 -3.40724e+00 -3.61870e+00
0 -3.40724e+00 -3.61909e+00
0 -3.40724e+00 -3.61990e+00
0 -3.40724e+00 -3.61983e+00
0 -3.40724e+00 -3.62094e+00
0 -3.40724e+00 -3.61881e+00
0 -3.40724e+00 -3.61985e+00
0 -3.40724e+00 -3.62091e+00
0 -3.40724e+00 -3.61942e+00
0 -3.40724e+00 -3.62046e+00
0 -3.40724e+00 -3.61847e+00
0 -3.40724e+00 -3.61919e+00
0 -3.40724e+00 -3.62031e+00
0 -3.40724e+00 -3.62058e+00
0 -3.40724e+00 -3.61883e+00
0 -3.40724e+00 -3.61732e+00
0 -3.40724e+00 -3.61755e+00
0 -3.40724e+00 -3.61758e+00
0 -3.40724e+00 -3.61696e+00
0 -3.40724e+00 -3.61773e+00
0 -3.40724e+00 -3.61533e+00
0 -3.40724e+00 -3.61220e+00
0 -3.40724e+00 -3.61148e+00
0 -3.40724e+00 -3.61205e+00
0 -3.40724e+00 -3.60984e+00
0 -3.40724e+00 -3.61090e+00
0 -3.40724e+00 -3.61193e+00
0 -3.40724e+00 -3.61305e+00
0 -3.40724e+00 -3.61376e+00
0 -3.40724e+00 -3.61389e+00
0 -3.40724e+00 -3.61403e+00
0 -3.40724e+00 -3.61491e+00
0 -3.40724e+00 -3.61282e+00
0 -3.40724e+00 -3.61344e+00
0 -3.40724e+00 -3.61437e+00
0 -3.40724e+00 -3.61415e+00
0 -3.40724e+00 -3.61523e+00
0 -3.40724e+00 -3.61317e+00
0 -3.40724e+00 -3.61428e+00
0 -3.40724e+00 -3.61233e+00
0 -3.40724e+00 -3.61249e+00
0 -3.40724e+00 -3.61350e+00
0 -3.40724e+00 -3.61417e+00
0 -3.40724e+00 -3.61489e+00
0 -3.40724e+00 -3.61439e+00
0 -3.40724e+00 -3.61526e+00
0 -3.40724e+00 -3.61261e+00
0 -3.40724e+00 -3.61357e+00
0 -3.40724e+00 -3.61452e+00
0 -3.40724e+00 -3.61450e+00
0 -3.40724e+00 -3.61558e+00
0 -3.40724e+00 -3.61653e+00
0 -3.40724e+00 -3.61712e+00
0 -3.40724e+00 -3.61560e+00
0 -3.40724e+00 -3.61620e+00
0 -3.40724e+00 -3.61716e+00
0 -3.40724e+00 -3.61452e+00
0 -3.40724e+00 -3.61561e+00
0 -3.40724e+00 -3.61662e+00
0 -3.40724e+00 -3.61764e+00
0 -3.40724e+00 -3.61545e+00
0 -3.40724e+00 -3.61629e+00
0 -3.40724e+00 -3.61711e+00
0 -3.40724e+00 -3.61699e+00
0 -3.40724e+00 -3.61803e+00
0 -3.40724e+00 -3.61603e+00
0 -3.40724e+00 -3.61664e+00
0 -3.40724e+00 -3.61744e+00
0 -3.40724e+00 -3.61825e+00
0 -3.40724e+00 -3.61813e+00
0 -3.40724e+00 -3.61915e+00
0 -3.40724e+00 -3.61926e+00
0 -3.40724e+00 -3.61848e+00
0 -3.40724e+00 -3.61664e+00
0 -3.40724e+00 -3.61658e+00
0 -3.40724e+00 -3.61462e+00
0 -3.40724e+00 -3.61545e+00
0 -3.40724e+00 -3.61324e+00
0 -3.40724e+00 -3.61203e+00
0 -3.40724e+00 -3.61274e+00
0 -3.40724e+00 -3.61382e+00
0 -3.40724e+00 -3.61341e+00
0 -3.40724e+00 -3.61088e+00
0 -3.40724e+00 -3.61129e+00
0 -3.40724e+00 -3.61135e+00
0 -3.40724e+00 -3.61036e+00
0 -3.40724e+00 -3.61075e+00
0 -3.40724e+00 -3.61093e+00
0 -3.40724e+00 -3.61195e+00
0 -3.40724e+00 -3.61289e+00
0 -3.40724e+00 -3.61228e+00
0 -3.40724e+00 -3.61332e+00
0 -3.40724e+00 -3.61346e+00
0 -3.40724e+00 -3.61448e+00
0 -3.40724e+00 -3.61444e+00
0 -3.40724e+00 -3.61412e+00
0 -3.40724e+00 -3.61420e+00
0 -3.40724e+00 -3.61487e+00
0 -3.40724e+00 -3.61555e+00
0 -3.40724e+00 -3.61663e+00
0 -3.40724e+00 -3.61633e+00
0 -3.40724e+00 -3.61679e+00
0 -3.40724e+00 -3.61550e+00
0 -3.40724e+00 -3.61617e+00
0 -3.40724e+00 -3.61682e+00
0 -3.40724e+00 -3.61780e+00
0 -3.40724e+00 -3.61834e+00
0 -3.40724e+00 -3.61867e+00
0 -3.40724e+00 -3.61959e+00
0 -3.40724e+00 -3.61889e+00
0 -3.40724e+00 -3.61969e+00
0 -3.40724e+00 -3.61955e+00
0 -3.40724e+00 -3.62054e+00
0 -3.40724e+00 -3.61995e+00
0 -3.40724e+00 -3.62097e+00
0 -3.40724e+00 -3.62171e+00
0 -3.40724e+00 -3.62221e+00
0 -3.40724e+00 -3.62327e+00
0 -3.40724e+00 -3.62294e+00
0 -3.40724e+00 -3.62213e+00
0 -3.40724e+00 -3.62303e+00
0 -3.40724e+00 -3.62079e+00
0 -3.40724e+00 -3.62170e+00
0 -3.40724e+00 -3.62150e+00
0 -3.40724e+00 -3.62052e+00
0 -3.40724e+00 -3.61970e+00
0 -3.40724e+00 -3.61991e+00
0 -3.40724e+00 -3.61956e+00
0 -3.40724e+00 -3.61824e+00
0 -3.40724e+00 -3.61579e+00
0 -3.40724e+00 -3.61639e+00
0 -3.40724e+00 -3.61695e+00
0 -3.40724e+00 -3.61698e+00
0 -3.40724e+00 -3.61575e+00
0 -3.40724e+00 -3.61657e+00
0 -3.40724e+00 -3.61698e+00
0 -3.40724e+00 -3.61456e+00
0 -3.40724e+00 -3.61557e+00
0 -3.40724e+00 -3.61627e+00
0 -3.40724e+00 -3.61628e+00
0 -3.40724e+00 -3.61589e+00
0 -3.40724e+00 -3.61622e+00
0 -3.40724e+00 -3.61649e+00
0 -3.40724e+00 -3.61748e+00
0 -3.40724e+00 -3.61841e+00
0 -3.40724e+00 -3.61938e+00
0 -3.40724e+00 -3.61802e+00
0 -3.40724e+00 -3.61828e+00
0 -3.40724e+00 -3.61923e+00
0 -3.40724e+00 -3.61871e+00
0 -3.40724e+00 -3.61917e+00
0 -3.40724e+00 -3.61980e+00
0 -3.40724e+00 -3.61836e+00
0 -3.40724e+00 -3.61850e+00
0 -3.40724e+00 -3.61863e+00
0 -3.40724e+00 -3.61955e+00
0 -3.40724e+00 -3.61756e+00
0 -3.40724e+00 -3.61860e+00
0 -3.40724e+00 -3.61892e+00
0 -3.40724e+00 -3.61992e+00
0 -3.40724e+00 -3.62011e+00
0 -3.40724e+00 -3.62076e+00
0 -3.40724e+00 -3.62118e+00
0 -3.40724e+00 -3.62061e+00
0 -3.40724e+00 -3.62052e+00
0 -3.40724e+00 -3.61844e+00
0 -3.40724e+00 -3.61900e+00
0 -3.40724e+00 -3.61990e+00
0 -3.40724e+00 -3.62052e+00
0 -3.40724e+00 -3.62121e+00
0 -3.40724e+00 -3.62178e+00
0 -3.40724e+00 -3.62084e+00
0 -3.40724e+00 -3.61975e+00
0 -3.40724e+00 -3.62073e+00
0 -3.40724e+00 -3.62173e+00
0 -3.40724e+00 -3.62003e+00
0 -3.40724e+00 -3.62069e+00
0 -3.40724e+00 -3.62143e+00
0 -3.40724e+00 -3.62178e+00
0 -3.40724e+00 -3.62126e+00
0 -3.40724e+00 -3.62191e+00
0 -3.40724e+00 -3.62289e+00
0 -3.40724e+00 -3.62388e+00
0 -3.40724e+00 -3.62129e+00
0 -3.40724e+00 -3.62231e+00
0 -3.40724e+00 -3.62334e+00
0 -3.40724e+00 -3.62408e+00
0 -3.40724e+00 -3.62311e+00
0 -3.40724e+00 -3.62404e+00
0 -3.40724e+00 -3.62490e+00
0 -3.40724e+00 -3.62236e+00
0 -3.40724e+00 -3.62188e+00
0 -3.40724e+00 -3.62026e+00
0 -3.40724e+00 -3.62127e+00
0 -3.40724e+00 -3.62126e+00
0 -3.40724e+00 -3.62216e+00
0 -3.40724e+00 -3.62280e+00
0 -3.40724e+00 -3.62378e+00
0 -3.40724e+00 -3.62376e+00
0 -3.40724e+00 -3.62443e+00
0 -3.40724e+00 -3.62327e+00
0 -3.40724e+00 -3.62411e+00
0 -3.40724e+00 -3.62340e+00
0 -3.40724e+00 -3.62432e+00
0 -3.40724e+00 -3.62184e+00
0 -3.40724e+00 -3.62239e+00
0 -3.40724e+00 -3.62253e+00
0 -3.40724e+00 -3.62040e+00
0 -3.40724e+00 -3.62071e+00
0 -3.40724e+00 -3.61883e+00
0 -3.40724e+00 -3.61928e+00
0 -3.40724e+00 -3.61849e+00
0 -3.40724e+00 -3.61934e+00
0 -3.40724e+00 -3.61926e+00
0 -3.40724e+00 -3.61774e+00
0 -3.40724e+00 -3.61536e+00
0 -3.40724e+00 -3.61540e+00
0 -3.40724e+00 -3.61598e+00
0 -3.40724e+00 -3.61344e+00
0 -3.40724e+00 -3.61428e+00
0 -3.40724e+00 -3.61341e+00
0 -3.40724e+00 -3.61073e+00
0 -3.40724e+00 -3.61125e+00
0 -3.40724e+00 -3.61056e+00
0 -3.40724e+00 -3.60891e+00
0 -3.40724e+00 -3.60825e+00
0 -3.40724e+00 -3.60899e+00
0 -3.40724e+00 -3.60802e+00
0 -3.40724e+00 -3.60567e+00
0 -3.40724e+00 -3.60639e+00
0 -3.40724e+00 -3.60636e+00
0 -3.40724e+00 -3.60696e+00
0 -3.40724e+00 -3.60747e+00
0 -3.40724e+00 -3.60766e+00
0 -3.40724e+00 -3.60861e+00
0 -3.40724e+00 -3.60929e+00
0 -3.40724e+00 -3.60726e+00
0 -3.40724e+00 -3.60461e+00
0 -3.40724e+00 -3.60343e+00
0 -3.40724e+00 -3.60356e+00
0 -3.40724e+00 -3.60403e+00
0 -3.40724e+00 -3.60482e+00
0 -3.40724e+00 -3.60304e+00
0 -3.40724e+00 -3.60111e+00
0 -3.40724e+00 -3.60008e+00
0 -3.40724e+00 -3.59986e+00
0 -3.40724e+00 -3.59772e+00
0 -3.40724e+00 -3.59838e+00
0 -3.40724e+00 -3.59868e+00
0 -3.40724e+00 -3.59919e+00
0 -3.40724e+00 -3.60017e+00
0 -3.40724e+00 -3.59993e+00
0 -3.40724e+00 -3.60079e+00
0 -3.40724e+00 -3.60133e+00
0 -3.40724e+00 -3.60222e+00
0 -3.40724e+00 -3.60274e+00
0 -3.40724e+00 -3.60147e+00
0 -3.40724e+00 -3.60139e+00
0 -3.40724e+00 -3.60213e+00
0 -3.40724e+00 -3.60306e+00
0 -3.40724e+00 -3.60319e+00
0 -3.40724e+00 -3.60141e+00
0 -3.40724e+00 -3.60086e+00
0 -3.40724e+00 -3.60177e+00
0 -3.40724e+00 -3.60237e+00
0 -3.40724e+00 -3.60084e+00
0 -3.40724e+00 -3.60177e+00
0 -3.40724e+00 -3.60238e+00
0 -3.40724e+00 -3.60135e+00
0 -3.40724e+00 -3.60211e+00
0 -3.40724e+00 -3.60139e+00
0 -3.40724e+00 -3.60228e+00
0 -3.40724e+00 -3.60298e+00
0 -3.40724e+00 -3.60396e+00
0 -3.40724e+00 -3.60242e+00
