0 -1.63141e+00 -1.40278e+01
0 -1.63141e+00 -1.12424e+01
0 -1.63141e+00 -9.28502e+00
0 -1.63141e+00 -9.73542e+00
0 -1.63141e+00 -8.11203e+00
0 -1.63141e+00 -7.83804e+00
0 -1.63141e+00 -7.91535e+00
0 -1.63141e+00 -8.04707e+00
0 -1.63141e+00 -7.85955e+00
0 -1.63141e+00 -6.89041e+00
0 -1.63141e+00 -6.69339e+00
0 -1.63141e+00 -6.42949e+00
0 -1.63141e+00 -6.57049e+00
0 -1.63141e+00 -6.28634e+00
0 -1.63141e+00 -6.27798e+00
0 -1.63141e+00 -6.36056e+00
0 -1.63141e+00 -6.33513e+00
0 -1.63141e+00 -6.41003e+00
0 -1.63141e+00 -6.50277e+00
0 -1.63141e+00 -6.24119e+00
0 -1.63141e+00 -6.33794e+00
0 -1.63141e+00 -6.18752e+00
0 -1.63141e+00 -6.27393e+00
0 -1.63141e+00 -6.33423e+00
0 -1.63141e+00 -6.12894e+00
0 -1.63141e+00 -6.08722e+00
0 -1.63141e+00 -6.15165e+00
0 -1.63141e+00 -6.20728e+00
0 -1.63141e+00 -6.24004e+00
0 -1.63141e+00 -6.29633e+00
0 -1.63141e+00 -6.33387e+00
0 -1.63141e+00 -6.39676e+00
0 -1.63141e+00 -6.41482e+00
0 -1.63141e+00 -6.45639e+00
0 -1.63141e+00 -6.47097e+00
0 -1.63141e+00 -6.46774e+00
0 -1.63141e+00 -6.29273e+00
0 -1.63141e+00 -6.34392e+00
0 -1.63141e+00 -6.39127e+00
0 -1.63141e+00 -6.44113e+00
0 -1.63141e+00 -6.47111e+00
0 -1.63141e+00 -6.51105e+00
0 -1.63141e+00 -6.55763e+00
0 -1.63141e+00 -6.58801e+00
0 -1.63141e+00 -6.61822e+00
0 -1.63141e+00 -6.65584e+00
0 -1.63141e+00 -6.67806e+00
0 -1.63141e+00 -6.71811e+00
0 -1.63141e+00 -6.75124e+00
0 -1.63141e+00 -6.77994e+00
0 -1.63141e+00 -6.80196e+00
0 -1.63141e+00 -6.78154e+00
0 -1.63141e+00 -6.76149e+00
0 -1.63141e+00 -6.77328e+00
0 -1.63141e+00 -6.80800e+00
0 -1.63141e+00 -6.80825e+00
0 -1.63141e+00 -6.79068e+00
0 -1.63141e+00 -6.76825e+00
0 -1.63141e+00 -6.68573e+00
0 -1.63141e+00 -6.71119e+00
0 -1.63141e+00 -6.72604e+00
0 -1.63141e+00 -6.74673e+00
0 -1.63141e+00 -6.77760e+00
0 -1.63141e+00 -6.80703e+00
0 -1.63141e+00 -6.81814e+00
0 -1.63141e+00 -6.84236e+00
0 -1.63141e+00 -6.85580e+00
0 -1.63141e+00 -6.88177e+00
0 -1.63141e+00 -6.89637e+00
0 -1.63141e+00 -6.91896e+00
0 -1.63141e+00 -6.94401e+00
0 -1.63141e+00 -6.95377e+00
0 -1.63141e+00 -6.97889e+00
0 -1.63141e+00 -6.91662e+00
0 -1.63141e+00 -6.93104e+00
0 -1.63141e+00 -6.94888e+00
0 -1.63141e+00 -6.96507e+00
0 -1.63141e+00 -6.99055e+00
0 -1.63141e+00 -7.01233e+00
0 -1.63141e+00 -7.02778e+00
0 -1.63141e+00 -7.01568e+00
0 -1.63141e+00 -7.03528e+00
0 -1.63141e+00 -7.03636e+00
0 -1.63141e+00 -7.05913e+00
0 -1.63141e+00 -7.08249e+00
0 -1.63141e+00 -7.07398e+00
0 -1.63141e+00 -7.07962e+00
0 -1.63141e+00 -7.07028e+00
0 -1.63141e+00 -7.07482e+00
0 -1.63141e+00 -7.09672e+00
0 -1.63141e+00 -7.09873e+00
0 -1.63141e+00 -7.10371e+00
0 -1.63141e+00 -7.05497e+00
0 -1.63141e+00 -7.04153e+00
0 -1.63141e+00 -7.06083e+00
0 -1.63141e+00 -7.04214e+00
0 -1.63141e+00 -7.02471e+00
0 -1.63141e+00 -7.04436e+00
0 -1.63141e+00 -7.06439e+00
0 -1.63141e+00 -7.08258e+00
0 -1.63141e+00 -7.09374e+00
0 -1.63141e+00 -7.11012e+00
0 -1.63141e+00 -7.12324e+00
0 -1.63141e+00 -7.08383e+00
0 -1.63141e+00 -7.07882e+00
0 -1.63141e+00 -7.09737e+00
0 -1.63141e+00 -7.11304e+00
0 -1.63141e+00 -7.10760e+00
0 -1.63141e+00 -7.04912e+00
0 -1.63141e+00 -7.06531e+00
0 -1.63141e+00 -6.99473e+00
0 -1.63141e+00 -7.00514e+00
0 -1.63141e+00 -7.01290e+00
0 -1.63141e+00 -6.97993e+00
0 -1.63141e+00 -6.99718e+00
0 -1.63141e+00 -6.93395e+00
0 -1.63141e+00 -6.95030e+00
0 -1.63141e+00 -6.96264e+00
0 -1.63141e+00 -6.97277e+00
0 -1.63141e+00 -6.98830e+00
0 -1.63141e+00 -7.00337e+00
0 -1.63141e+00 -7.00313e+00
0 -1.63141e+00 -7.00703e+00
0 -1.63141e+00 -7.02180e+00
0 -1.63141e+00 -7.03766e+00
0 -1.63141e+00 -7.05276e+00
0 -1.63141e+00 -7.05136e+00
0 -1.63141e+00 -6.98162e+00
0 -1.63141e+00 -6.99678e+00
0 -1.63141e+00 -7.01177e+00
0 -1.63141e+00 -6.94761e+00
0 -1.63141e+00 -6.94409e+00
0 -1.63141e+00 -6.95777e+00
0 -1.63141e+00 -6.89004e+00
0 -1.63141e+00 -6.90420e+00
0 -1.63141e+00 -6.86221e+00
0 -1.63141e+00 -6.84986e+00
0 -1.63141e+00 -6.82086e+00
0 -1.63141e+00 -6.82115e+00
0 -1.63141e+00 -6.83187e+00
0 -1.63141e+00 -6.84589e+00
0 -1.63141e+00 -6.85012e+00
0 -1.63141e+00 -6.78992e+00
0 -1.63141e+00 -6.80335e+00
0 -1.63141e+00 -6.75878e+00
0 -1.63141e+00 -6.77212e+00
0 -1.63141e+00 -6.78257e+00
0 -1.63141e+00 -6.79214e+00
0 -1.63141e+00 -6.80502e+00
0 -1.63141e+00 -6.79455e+00
0 -1.63141e+00 -6.80770e+00
0 -1.63141e+00 -6.76908e+00
0 -1.63141e+00 -6.78012e+00
0 -1.63141e+00 -6.78842e+00
0 -1.63141e+00 -6.80057e+00
0 -1.63141e+00 -6.75028e+00
0 -1.63141e+00 -6.76025e+00
0 -1.63141e+00 -6.76853e+00
0 -1.63141e+00 -6.77996e+00
0 -1.63141e+00 -6.76950e+00
0 -1.63141e+00 -6.78069e+00
0 -1.63141e+00 -6.79256e+00
0 -1.63141e+00 -6.80427e+00
0 -1.63141e+00 -6.78645e+00
0 -1.63141e+00 -6.75016e+00
0 -1.63141e+00 -6.76134e+00
0 -1.63141e+00 -6.76083e+00
0 -1.63141e+00 -6.77193e+00
0 -1.63141e+00 -6.73936e+00
0 -1.63141e+00 -6.74566e+00
0 -1.63141e+00 -6.75592e+00
0 -1.63141e+00 -6.75724e+00
0 -1.63141e+00 -6.76747e+00
0 -1.63141e+00 -6.77849e+00
0 -1.63141e+00 -6.76196e+00
0 -1.63141e+00 -6.75754e+00
0 -1.63141e+00 -6.72053e+00
0 -1.63141e+00 -6.73155e+00
0 -1.63141e+00 -6.74007e+00
0 -1.63141e+00 -6.74739e+00
0 -1.63141e+00 -6.74729e+00
0 -1.63141e+00 -6.75253e+00
0 -1.63141e+00 -6.71037e+00
0 -1.63141e+00 -6.71543e+00
0 -1.63141e+00 -6.72613e+00
0 -1.63141e+00 -6.73648e+00
0 -1.63141e+00 -6.71609e+00
0 -1.63141e+00 -6.72255e+00
0 -1.63141e+00 -6.69213e+00
0 -1.63141e+00 -6.70256e+00
0 -1.63141e+00 -6.71259e+00
0 -1.63141e+00 -6.72181e+00
0 -1.63141e+00 -6.73199e+00
0 -1.63141e+00 -6.74037e+00
0 -1.63141e+00 -6.74526e+00
0 -1.63141e+00 -6.74001e+00
0 -1.63141e+00 -6.74420e+00
0 -1.63141e+00 -6.75408e+00
0 -1.63141e+00 -6.75090e+00
0 -1.63141e+00 -6.73908e+00
0 -1.63141e+00 -6.74352e+00
0 -1.63141e+00 -6.75104e+00
0 -1.63141e+00 -6.76081e+00
0 -1.63141e+00 -6.77010e+00
0 -1.63141e+00 -6.73378e+00
0 -1.63141e+00 -6.73924e+00
0 -1.63141e+00 -6.74809e+00
0 -1.63141e+00 -6.74278e+00
0 -1.63141e+00 -6.75108e+00
0 -1.63141e+00 -6.75395e+00
0 -1.63141e+00 -6.72531e+00
0 -1.63141e+00 -6.70180e+00
0 -1.63141e+00 -6.70733e+00
0 -1.63141e+00 -6.70520e+00
0 -1.63141e+00 -6.71435e+00
0 -1.63141e+00 -6.71829e+00
0 -1.63141e+00 -6.71595e+00
0 -1.63141e+00 -6.72061e+00
0 -1.63141e+00 -6.72939e+00
0 -1.63141e+00 -6.73356e+00
0 -1.63141e+00 -6.74229e+00
0 -1.63141e+00 -6.71027e+00
0 -1.63141e+00 -6.71646e+00
0 -1.63141e+00 -6.72148e+00
0 -1.63141e+00 -6.72757e+00
0 -1.63141e+00 -6.70269e+00
0 -1.63141e+00 -6.68661e+00
0 -1.63141e+00 -6.69438e+00
0 -1.63141e+00 -6.69969e+00
0 -1.63141e+00 -6.70670e+00
0 -1.63141e+00 -6.71243e+00
0 -1.63141e+00 -6.71635e+00
0 -1.63141e+00 -6.72471e+00
0 -1.63141e+00 -6.72651e+00
0 -1.63141e+00 -6.73456e+00
0 -1.63141e+00 -6.70928e+00
0 -1.63141e+00 -6.71208e+00
0 -1.63141e+00 -6.72033e+00
0 -1.63141e+00 -6.72832e+00
0 -1.63141e+00 -6.73537e+00
0 -1.63141e+00 -6.74223e+00
0 -1.63141e+00 -6.75014e+00
0 -1.63141e+00 -6.75168e+00
0 -1.63141e+00 -6.75812e+00
0 -1.63141e+00 -6.76601e+00
0 -1.63141e+00 -6.75874e+00
0 -1.63141e+00 -6.73421e+00
0 -1.63141e+00 -6.73805e+00
0 -1.63141e+00 -6.71593e+00
0 -1.63141e+00 -6.69175e+00
0 -1.63141e+00 -6.69558e+00
0 -1.63141e+00 -6.69994e+00
0 -1.63141e+00 -6.70772e+00
0 -1.63141e+00 -6.71263e+00
0 -1.63141e+00 -6.71718e+00
0 -1.63141e+00 -6.71100e+00
0 -1.63141e+00 -6.71871e+00
0 -1.63141e+00 -6.72363e+00
0 -1.63141e+00 -6.73063e+00
0 -1.63141e+00 -6.73825e+00
0 -1.63141e+00 -6.74571e+00
0 -1.63141e+00 -6.75154e+00
0 -1.63141e+00 -6.75479e+00
0 -1.63141e+00 -6.76110e+00
0 -1.63141e+00 -6.76850e+00
0 -1.63141e+00 -6.77559e+00
0 -1.63141e+00 -6.78053e+00
0 -1.63141e+00 -6.75624e+00
0 -1.63141e+00 -6.76318e+00
0 -1.63141e+00 -6.76998e+00
0 -1.63141e+00 -6.77616e+00
0 -1.63141e+00 -6.78344e+00
0 -1.63141e+00 -6.78813e+00
0 -1.63141e+00 -6.78906e+00
0 -1.63141e+00 -6.79515e+00
0 -1.63141e+00 -6.80169e+00
0 -1.63141e+00 -6.80561e+00
0 -1.63141e+00 -6.80948e+00
0 -1.63141e+00 -6.81232e+00
0 -1.63141e+00 -6.81914e+00
0 -1.63141e+00 -6.80634e+00
0 -1.63141e+00 -6.79992e+00
0 -1.63141e+00 -6.80506e+00
0 -1.63141e+00 -6.79523e+00
0 -1.63141e+00 -6.80217e+00
0 -1.63141e+00 -6.80823e+00
0 -1.63141e+00 -6.81409e+00
0 -1.63141e+00 -6.80924e+00
0 -1.63141e+00 -6.80710e+00
0 -1.63141e+00 -6.81394e+00
0 -1.63141e+00 -6.80462e+00
0 -1.63141e+00 -6.80821e+00
0 -1.63141e+00 -6.81282e+00
0 -1.63141e+00 -6.81848e+00
0 -1.63141e+00 -6.80972e+00
0 -1.63141e+00 -6.81534e+00
0 -1.63141e+00 -6.81518e+00
0 -1.63141e+00 -6.82014e+00
0 -1.63141e+00 -6.82371e+00
0 -1.63141e+00 -6.82859e+00
0 -1.63141e+00 -6.82140e+00
0 -1.63141e+00 -6.82779e+00
0 -1.63141e+00 -6.83373e+00
0 -1.63141e+00 -6.83373e+00
0 -1.63141e+00 -6.83773e+00
0 -1.63141e+00 -6.84198e+00
0 -1.63141e+00 -6.84801e+00
0 -1.63141e+00 -6.85380e+00
0 -1.63141e+00 -6.85937e+00
0 -1.63141e+00 -6.84875e+00
0 -1.63141e+00 -6.85216e+00
0 -1.63141e+00 -6.85848e+00
0 -1.63141e+00 -6.86453e+00
0 -1.63141e+00 -6.87020e+00
0 -1.63141e+00 -6.86669e+00
0 -1.63141e+00 -6.87240e+00
0 -1.63141e+00 -6.86970e+00
0 -1.63141e+00 -6.85413e+00
0 -1.63141e+00 -6.85691e+00
0 -1.63141e+00 -6.86271e+00
0 -1.63141e+00 -6.86853e+00
0 -1.63141e+00 -6.87377e+00
0 -1.63141e+00 -6.87977e+00
0 -1.63141e+00 -6.88395e+00
0 -1.63141e+00 -6.89004e+00
0 -1.63141e+00 -6.89557e+00
0 -1.63141e+00 -6.90158e+00
0 -1.63141e+00 -6.88864e+00
0 -1.63141e+00 -6.88204e+00
0 -1.63141e+00 -6.86833e+00
0 -1.63141e+00 -6.85943e+00
0 -1.63141e+00 -6.86239e+00
0 -1.63141e+00 -6.86812e+00
0 -1.63141e+00 -6.87357e+00
0 -1.63141e+00 -6.87379e+00
0 -1.63141e+00 -6.87513e+00
0 -1.63141e+00 -6.88023e+00
0 -1.63141e+00 -6.88447e+00
0 -1.63141e+00 -6.86603e+00
0 -1.63141e+00 -6.87008e+00
0 -1.63141e+00 -6.87238e+00
0 -1.63141e+00 -6.87332e+00
0 -1.63141e+00 -6.87862e+00
0 -1.63141e+00 -6.86425e+00
0 -1.63141e+00 -6.86964e+00
0 -1.63141e+00 -6.84964e+00
0 -1.63141e+00 -6.82689e+00
0 -1.63141e+00 -6.83016e+00
0 -1.63141e+00 -6.83584e+00
0 -1.63141e+00 -6.83480e+00
0 -1.63141e+00 -6.83532e+00
0 -1.63141e+00 -6.83279e+00
0 -1.63141e+00 -6.82628e+00
0 -1.63141e+00 -6.82719e+00
0 -1.63141e+00 -6.83268e+00
0 -1.63141e+00 -6.82705e+00
0 -1.63141e+00 -6.82941e+00
0 -1.63141e+00 -6.83167e+00
0 -1.63141e+00 -6.83650e+00
0 -1.63141e+00 -6.83033e+00
0 -1.63141e+00 -6.82885e+00
0 -1.63141e+00 -6.83073e+00
0 -1.63141e+00 -6.83500e+00
0 -1.63141e+00 -6.84010e+00
0 -1.63141e+00 -6.84172e+00
0 -1.63141e+00 -6.84161e+00
0 -1.63141e+00 -6.84471e+00
0 -1.63141e+00 -6.84916e+00
0 -1.63141e+00 -6.83830e+00
0 -1.63141e+00 -6.84252e+00
0 -1.63141e+00 -6.82805e+00
0 -1.63141e+00 -6.82978e+00
0 -1.63141e+00 -6.81931e+00
0 -1.63141e+00 -6.82460e+00
0 -1.63141e+00 -6.82982e+00
0 -1.63141e+00 -6.83468e+00
0 -1.63141e+00 -6.82150e+00
0 -1.63141e+00 -6.82475e+00
0 -1.63141e+00 -6.82265e+00
0 -1.63141e+00 -6.82785e+00
0 -1.63141e+00 -6.82001e+00
0 -1.63141e+00 -6.82411e+00
0 -1.63141e+00 -6.80492e+00
0 -1.63141e+00 -6.80943e+00
0 -1.63141e+00 -6.81254e+00
0 -1.63141e+00 -6.81740e+00
0 -1.63141e+00 -6.82202e+00
0 -1.63141e+00 -6.82634e+00
0 -1.63141e+00 -6.81940e+00
0 -1.63141e+00 -6.81863e+00
0 -1.63141e+00 -6.82343e+00
0 -1.63141e+00 -6.82848e+00
0 -1.63141e+00 -6.83042e+00
0 -1.63141e+00 -6.83544e+00
0 -1.63141e+00 -6.83925e+00
0 -1.63141e+00 -6.83636e+00
0 -1.63141e+00 -6.83843e+00
0 -1.63141e+00 -6.83925e+00
0 -1.63141e+00 -6.84388e+00
0 -1.63141e+00 -6.83905e+00
0 -1.63141e+00 -6.84383e+00
0 -1.63141e+00 -6.83961e+00
0 -1.63141e+00 -6.84441e+00
0 -1.63141e+00 -6.84321e+00
0 -1.63141e+00 -6.84804e+00
0 -1.63141e+00 -6.85263e+00
0 -1.63141e+00 -6.85037e+00
0 -1.63141e+00 -6.85315e+00
0 -1.63141e+00 -6.84297e+00
0 -1.63141e+00 -6.82381e+00
0 -1.63141e+00 -6.82523e+00
0 -1.63141e+00 -6.82779e+00
0 -1.63141e+00 -6.83108e+00
0 -1.63141e+00 -6.82834e+00
0 -1.63141e+00 -6.83290e+00
0 -1.63141e+00 -6.83474e+00
0 -1.63141e+00 -6.83948e+00
0 -1.63141e+00 -6.84101e+00
0 -1.63141e+00 -6.84395e+00
0 -1.63141e+00 -6.84613e+00
0 -1.63141e+00 -6.84765e+00
0 -1.63141e+00 -6.85165e+00
0 -1.63141e+00 -6.85361e+00
0 -1.63141e+00 -6.85651e+00
0 -1.63141e+00 -6.86051e+00
0 -1.63141e+00 -6.86503e+00
0 -1.63141e+00 -6.86910e+00
0 -1.63141e+00 -6.87350e+00
0 -1.63141e+00 -6.87805e+00
0 -1.63141e+00 -6.87986e+00
0 -1.63141e+00 -6.87374e+00
0 -1.63141e+00 -6.87823e+00
0 -1.63141e+00 -6.86999e+00
0 -1.63141e+00 -6.86881e+00
0 -1.63141e+00 -6.86642e+00
0 -1.63141e+00 -6.86467e+00
0 -1.63141e+00 -6.86809e+00
0 -1.63141e+00 -6.87046e+00
0 -1.63141e+00 -6.86282e+00
0 -1.63141e+00 -6.86167e+00
0 -1.63141e+00 -6.86447e+00
0 -1.63141e+00 -6.86581e+00
0 -1.63141e+00 -6.86942e+00
0 -1.63141e+00 -6.87385e+00
0 -1.63141e+00 -6.87228e+00
0 -1.63141e+00 -6.87427e+00
0 -1.63141e+00 -6.87851e+00
0 -1.63141e+00 -6.88289e+00
0 -1.63141e+00 -6.88725e+00
0 -1.63141e+00 -6.88873e+00
0 -1.63141e+00 -6.89091e+00
0 -1.63141e+00 -6.88456e+00
0 -1.63141e+00 -6.88171e+00
0 -1.63141e+00 -6.88566e+00
0 -1.63141e+00 -6.86776e+00
0 -1.63141e+00 -6.87065e+00
0 -1.63141e+00 -6.87489e+00
0 -1.63141e+00 -6.87230e+00
0 -1.63141e+00 -6.87589e+00
0 -1.63141e+00 -6.87756e+00
0 -1.63141e+00 -6.88185e+00
0 -1.63141e+00 -6.88597e+00
0 -1.63141e+00 -6.88259e+00
0 -1.63141e+00 -6.88649e+00
0 -1.63141e+00 -6.89075e+00
0 -1.63141e+00 -6.89290e+00
0 -1.63141e+00 -6.89713e+00
0 -1.63141e+00 -6.88161e+00
0 -1.63141e+00 -6.88512e+00
0 -1.63141e+00 -6.88926e+00
0 -1.63141e+00 -6.89328e+00
0 -1.63141e+00 -6.89709e+00
0 -1.63141e+00 -6.89935e+00
0 -1.63141e+00 -6.89841e+00
0 -1.63141e+00 -6.89966e+00
0 -1.63141e+00 -6.90285e+00
0 -1.63141e+00 -6.90282e+00
0 -1.63141e+00 -6.90410e+00
0 -1.63141e+00 -6.90637e+00
0 -1.63141e+00 -6.90536e+00
0 -1.63141e+00 -6.90431e+00
0 -1.63141e+00 -6.90699e+00
0 -1.63141e+00 -6.91106e+00
0 -1.63141e+00 -6.91483e+00
0 -1.63141e+00 -6.91736e+00
0 -1.63141e+00 -6.91971e+00
0 -1.63141e+00 -6.92330e+00
0 -1.63141e+00 -6.92509e+00
0 -1.63141e+00 -6.92504e+00
0 -1.63141e+00 -6.92796e+00
0 -1.63141e+00 -6.93170e+00
0 -1.63141e+00 -6.93571e+00
0 -1.63141e+00 -6.92639e+00
0 -1.63141e+00 -6.92938e+00
0 -1.63141e+00 -6.92115e+00
0 -1.63141e+00 -6.92497e+00
0 -1.63141e+00 -6.92664e+00
0 -1.63141e+00 -6.92588e+00
0 -1.63141e+00 -6.92728e+00
0 -1.63141e+00 -6.91937e+00
0 -1.63141e+00 -6.91756e+00
0 -1.63141e+00 -6.92150e+00
0 -1.63141e+00 -6.92537e+00
0 -1.63141e+00 -6.92838e+00
0 -1.63141e+00 -6.93158e+00
0 -1.63141e+00 -6.92335e+00
0 -1.63141e+00 -6.92236e+00
0 -1.63141e+00 -6.92383e+00
0 -1.63141e+00 -6.91824e+00
0 -1.63141e+00 -6.92051e+00
0 -1.63141e+00 -6.92215e+00
0 -1.63141e+00 -6.92558e+00
0 -1.63141e+00 -6.92765e+00
0 -1.63141e+00 -6.93132e+00
0 -1.63141e+00 -6.91901e+00
0 -1.63141e+00 -6.92283e+00
0 -1.63141e+00 -6.92491e+00
0 -1.63141e+00 -6.91912e+00
0 -1.63141e+00 -6.91371e+00
0 -1.63141e+00 -6.91589e+00
0 -1.63141e+00 -6.91917e+00
0 -1.63141e+00 -6.92276e+00
0 -1.63141e+00 -6.92626e+00
0 -1.63141e+00 -6.92842e+00
0 -1.63141e+00 -6.93211e+00
0 -1.63141e+00 -6.93363e+00
0 -1.63141e+00 -6.93575e+00
0 -1.63141e+00 -6.93944e+00
0 -1.63141e+00 -6.94314e+00
0 -1.63141e+00 -6.94538e+00
0 -1.63141e+00 -6.94651e+00
0 -1.63141e+00 -6.95020e+00
0 -1.63141e+00 -6.94202e+00
0 -1.63141e+00 -6.94519e+00
0 -1.63141e+00 -6.94244e+00
0 -1.63141e+00 -6.94519e+00
0 -1.63141e+00 -6.94882e+00
0 -1.63141e+00 -6.94176e+00
0 -1.63141e+00 -6.93826e+00
0 -1.63141e+00 -6.93945e+00
0 -1.63141e+00 -6.93636e+00
0 -1.63141e+00 -6.92911e+00
0 -1.63141e+00 -6.93261e+00
0 -1.63141e+00 -6.93321e+00
0 -1.63141e+00 -6.93252e+00
0 -1.63141e+00 -6.93535e+00
0 -1.63141e+00 -6.93874e+00
0 -1.63141e+00 -6.93127e+00
0 -1.63141e+00 -6.93421e+00
0 -1.63141e+00 -6.93598e+00
0 -1.63141e+00 -6.91990e+00
0 -1.63141e+00 -6.92345e+00
0 -1.63141e+00 -6.92691e+00
0 -1.63141e+00 -6.92972e+00
0 -1.63141e+00 -6.93329e+00
0 -1.63141e+00 -6.91748e+00
0 -1.63141e+00 -6.91360e+00
0 -1.63141e+00 -6.91714e+00
0 -1.63141e+00 -6.91966e+00
0 -1.63141e+00 -6.91797e+00
0 -1.63141e+00 -6.92126e+00
0 -1.63141e+00 -6.92460e+00
0 -1.63141e+00 -6.92243e+00
0 -1.63141e+00 -6.91568e+00
0 -1.63141e+00 -6.91504e+00
0 -1.63141e+00 -6.91839e+00
0 -1.63141e+00 -6.91594e+00
0 -1.63141e+00 -6.91429e+00
0 -1.63141e+00 -6.91459e+00
0 -1.63141e+00 -6.91664e+00
0 -1.63141e+00 -6.90684e+00
0 -1.63141e+00 -6.90991e+00
0 -1.63141e+00 -6.91287e+00
0 -1.63141e+00 -6.91618e+00
0 -1.63141e+00 -6.91920e+00
0 -1.63141e+00 -6.92136e+00
0 -1.63141e+00 -6.92390e+00
0 -1.63141e+00 -6.92451e+00
0 -1.63141e+00 -6.92790e+00
0 -1.63141e+00 -6.93026e+00
0 -1.63141e+00 -6.93308e+00
0 -1.63141e+00 -6.93606e+00
0 -1.63141e+00 -6.93941e+00
0 -1.63141e+00 -6.94221e+00
0 -1.63141e+00 -6.94509e+00
0 -1.63141e+00 -6.94825e+00
0 -1.63141e+00 -6.94193e+00
0 -1.63141e+00 -6.94526e+00
0 -1.63141e+00 -6.94859e+00
0 -1.63141e+00 -6.95130e+00
0 -1.63141e+00 -6.95435e+00
0 -1.63141e+00 -6.95261e+00
0 -1.63141e+00 -6.95584e+00
0 -1.63141e+00 -6.95682e+00
0 -1.63141e+00 -6.95805e+00
0 -1.63141e+00 -6.95809e+00
0 -1.63141e+00 -6.96109e+00
0 -1.63141e+00 -6.96342e+00
0 -1.63141e+00 -6.96582e+00
0 -1.63141e+00 -6.96803e+00
0 -1.63141e+00 -6.97098e+00
0 -1.63141e+00 -6.96983e+00
0 -1.63141e+00 -6.97309e+00
0 -1.63141e+00 -6.97523e+00
0 -1.63141e+00 -6.96625e+00
0 -1.63141e+00 -6.96463e+00
0 -1.63141e+00 -6.96716e+00
0 -1.63141e+00 -6.97024e+00
0 -1.63141e+00 -6.97116e+00
0 -1.63141e+00 -6.97434e+00
0 -1.63141e+00 -6.97228e+00
0 -1.63141e+00 -6.97369e+00
0 -1.63141e+00 -6.97691e+00
0 -1.63141e+00 -6.97810e+00
0 -1.63141e+00 -6.97990e+00
0 -1.63141e+00 -6.98114e+00
0 -1.63141e+00 -6.97808e+00
0 -1.63141e+00 -6.97952e+00
0 -1.63141e+00 -6.98233e+00
0 -1.63141e+00 -6.98436e+00
0 -1.63141e+00 -6.98741e+00
0 -1.63141e+00 -6.99022e+00
0 -1.63141e+00 -6.99078e+00
0 -1.63141e+00 -6.97780e+00
0 -1.63141e+00 -6.98051e+00
0 -1.63141e+00 -6.98339e+00
0 -1.63141e+00 -6.98550e+00
0 -1.63141e+00 -6.98491e+00
0 -1.63141e+00 -6.97672e+00
0 -1.63141e+00 -6.97965e+00
0 -1.63141e+00 -6.97796e+00
0 -1.63141e+00 -6.98080e+00
0 -1.63141e+00 -6.97726e+00
0 -1.63141e+00 -6.97619e+00
0 -1.63141e+00 -6.97836e+00
0 -1.63141e+00 -6.98133e+00
0 -1.63141e+00 -6.98277e+00
0 -1.63141e+00 -6.98391e+00
0 -1.63141e+00 -6.98678e+00
0 -1.63141e+00 -6.98960e+00
0 -1.63141e+00 -6.98744e+00
0 -1.63141e+00 -6.98537e+00
0 -1.63141e+00 -6.98665e+00
0 -1.63141e+00 -6.98971e+00
0 -1.63141e+00 -6.98794e+00
0 -1.63141e+00 -6.98972e+00
0 -1.63141e+00 -6.99033e+00
0 -1.63141e+00 -6.99266e+00
0 -1.63141e+00 -6.99559e+00
0 -1.63141e+00 -6.98583e+00
0 -1.63141e+00 -6.98867e+00
0 -1.63141e+00 -6.98826e+00
0 -1.63141e+00 -6.99124e+00
0 -1.63141e+00 -6.99420e+00
0 -1.63141e+00 -6.98951e+00
0 -1.63141e+00 -6.97485e+00
0 -1.63141e+00 -6.96544e+00
0 -1.63141e+00 -6.96836e+00
0 -1.63141e+00 -6.97057e+00
0 -1.63141e+00 -6.97350e+00
0 -1.63141e+00 -6.97583e+00
0 -1.63141e+00 -6.97012e+00
0 -1.63141e+00 -6.97021e+00
0 -1.63141e+00 -6.96940e+00
0 -1.63141e+00 -6.97236e+00
0 -1.63141e+00 -6.97506e+00
0 -1.63141e+00 -6.97617e+00
0 -1.63141e+00 -6.97664e+00
0 -1.63141e+00 -6.97958e+00
0 -1.63141e+00 -6.97515e+00
0 -1.63141e+00 -6.97619e+00
0 -1.63141e+00 -6.97289e+00
0 -1.63141e+00 -6.97531e+00
0 -1.63141e+00 -6.96760e+00
0 -1.63141e+00 -6.96987e+00
0 -1.63141e+00 -6.96749e+00
0 -1.63141e+00 -6.95431e+00
0 -1.63141e+00 -6.95695e+00
0 -1.63141e+00 -6.94603e+00
0 -1.63141e+00 -6.94856e+00
0 -1.63141e+00 -6.95147e+00
0 -1.63141e+00 -6.95359e+00
0 -1.63141e+00 -6.95266e+00
0 -1.63141e+00 -6.95555e+00
0 -1.63141e+00 -6.95826e+00
0 -1.63141e+00 -6.96074e+00
0 -1.63141e+00 -6.96359e+00
0 -1.63141e+00 -6.96312e+00
0 -1.63141e+00 -6.95292e+00
0 -1.63141e+00 -6.95190e+00
0 -1.63141e+00 -6.95445e+00
0 -1.63141e+00 -6.95707e+00
0 -1.63141e+00 -6.95884e+00
0 -1.63141e+00 -6.94825e+00
0 -1.63141e+00 -6.94905e+00
0 -1.63141e+00 -6.95120e+00
0 -1.63141e+00 -6.95388e+00
0 -1.63141e+00 -6.95632e+00
0 -1.63141e+00 -6.95793e+00
0 -1.63141e+00 -6.95605e+00
0 -1.63141e+00 -6.95125e+00
0 -1.63141e+00 -6.95342e+00
0 -1.63141e+00 -6.95623e+00
0 -1.63141e+00 -6.95865e+00
0 -1.63141e+00 -6.96104e+00
0 -1.63141e+00 -6.94993e+00
0 -1.63141e+00 -6.95234e+00
0 -1.63141e+00 -6.95392e+00
0 -1.63141e+00 -6.94618e+00
0 -1.63141e+00 -6.94877e+00
0 -1.63141e+00 -6.95146e+00
0 -1.63141e+00 -6.94544e+00
0 -1.63141e+00 -6.94041e+00
0 -1.63141e+00 -6.94201e+00
0 -1.63141e+00 -6.93236e+00
0 -1.63141e+00 -6.93505e+00
0 -1.63141e+00 -6.93779e+00
0 -1.63141e+00 -6.93855e+00
0 -1.63141e+00 -6.93582e+00
0 -1.63141e+00 -6.92619e+00
0 -1.63141e+00 -6.91879e+00
0 -1.63141e+00 -6.92091e+00
0 -1.63141e+00 -6.91180e+00
0 -1.63141e+00 -6.90827e+00
0 -1.63141e+00 -6.91099e+00
0 -1.63141e+00 -6.91269e+00
0 -1.63141e+00 -6.91030e+00
0 -1.63141e+00 -6.91260e+00
0 -1.63141e+00 -6.91191e+00
0 -1.63141e+00 -6.91371e+00
0 -1.63141e+00 -6.91203e+00
0 -1.63141e+00 -6.90826e+00
0 -1.63141e+00 -6.90968e+00
0 -1.63141e+00 -6.91203e+00
0 -1.63141e+00 -6.90748e+00
0 -1.63141e+00 -6.90912e+00
0 -1.63141e+00 -6.91176e+00
0 -1.63141e+00 -6.91440e+00
0 -1.63141e+00 -6.91660e+00
0 -1.63141e+00 -6.90948e+00
0 -1.63141e+00 -6.91192e+00
0 -1.63141e+00 -6.91185e+00
0 -1.63141e+00 -6.91093e+00
0 -1.63141e+00 -6.91226e+00
0 -1.63141e+00 -6.91057e+00
0 -1.63141e+00 -6.90612e+00
0 -1.63141e+00 -6.90742e+00
0 -1.63141e+00 -6.89905e+00
0 -1.63141e+00 -6.89091e+00
0 -1.63141e+00 -6.88085e+00
0 -1.63141e+00 -6.86980e+00
0 -1.63141e+00 -6.87178e+00
0 -1.63141e+00 -6.87440e+00
0 -1.63141e+00 -6.87588e+00
0 -1.63141e+00 -6.87846e+00
0 -1.63141e+00 -6.88036e+00
0 -1.63141e+00 -6.87974e+00
0 -1.63141e+00 -6.88230e+00
0 -1.63141e+00 -6.87522e+00
0 -1.63141e+00 -6.86757e+00
0 -1.63141e+00 -6.86996e+00
0 -1.63141e+00 -6.86315e+00
0 -1.63141e+00 -6.86570e+00
0 -1.63141e+00 -6.86817e+00
0 -1.63141e+00 -6.87036e+00
0 -1.63141e+00 -6.87117e+00
0 -1.63141e+00 -6.87328e+00
0 -1.63141e+00 -6.87502e+00
0 -1.63141e+00 -6.87596e+00
0 -1.63141e+00 -6.86650e+00
0 -1.63141e+00 -6.86907e+00
0 -1.63141e+00 -6.85787e+00
0 -1.63141e+00 -6.86043e+00
0 -1.63141e+00 -6.86287e+00
0 -1.63141e+00 -6.86537e+00
0 -1.63141e+00 -6.85741e+00
0 -1.63141e+00 -6.85907e+00
0 -1.63141e+00 -6.86098e+00
0 -1.63141e+00 -6.86180e+00
0 -1.63141e+00 -6.86262e+00
0 -1.63141e+00 -6.86351e+00
0 -1.63141e+00 -6.86599e+00
0 -1.63141e+00 -6.86782e+00
0 -1.63141e+00 -6.86873e+00
0 -1.63141e+00 -6.85974e+00
0 -1.63141e+00 -6.86215e+00
0 -1.63141e+00 -6.85167e+00
0 -1.63141e+00 -6.85374e+00
0 -1.63141e+00 -6.85507e+00
0 -1.63141e+00 -6.85657e+00
0 -1.63141e+00 -6.85820e+00
0 -1.63141e+00 -6.85940e+00
0 -1.63141e+00 -6.86189e+00
0 -1.63141e+00 -6.86285e+00
0 -1.63141e+00 -6.86436e+00
0 -1.63141e+00 -6.86362e+00
0 -1.63141e+00 -6.86610e+00
0 -1.63141e+00 -6.86844e+00
0 -1.63141e+00 -6.86992e+00
0 -1.63141e+00 -6.85931e+00
0 -1.63141e+00 -6.86176e+00
0 -1.63141e+00 -6.86354e+00
0 -1.63141e+00 -6.86318e+00
0 -1.63141e+00 -6.86563e+00
0 -1.63141e+00 -6.86147e+00
0 -1.63141e+00 -6.86043e+00
0 -1.63141e+00 -6.86287e+00
0 -1.63141e+00 -6.86468e+00
0 -1.63141e+00 -6.86653e+00
0 -1.63141e+00 -6.86879e+00
0 -1.63141e+00 -6.87118e+00
0 -1.63141e+00 -6.87255e+00
0 -1.63141e+00 -6.86981e+00
0 -1.63141e+00 -6.87095e+00
0 -1.63141e+00 -6.87287e+00
0 -1.63141e+00 -6.87419e+00
0 -1.63141e+00 -6.87661e+00
0 -1.63141e+00 -6.87880e+00
0 -1.63141e+00 -6.87955e+00
0 -1.63141e+00 -6.88102e+00
0 -1.63141e+00 -6.88263e+00
0 -1.63141e+00 -6.87187e+00
0 -1.63141e+00 -6.87263e+00
0 -1.63141e+00 -6.86263e+00
0 -1.63141e+00 -6.85682e+00
0 -1.63141e+00 -6.85873e+00
0 -1.63141e+00 -6.86111e+00
0 -1.63141e+00 -6.86085e+00
0 -1.63141e+00 -6.86309e+00
0 -1.63141e+00 -6.85885e+00
0 -1.63141e+00 -6.86108e+00
0 -1.63141e+00 -6.86237e+00
0 -1.63141e+00 -6.86475e+00
0 -1.63141e+00 -6.86263e+00
0 -1.63141e+00 -6.86457e+00
0 -1.63141e+00 -6.86591e+00
0 -1.63141e+00 -6.86827e+00
0 -1.63141e+00 -6.86935e+00
0 -1.63141e+00 -6.87082e+00
0 -1.63141e+00 -6.87316e+00
0 -1.63141e+00 -6.87451e+00
0 -1.63141e+00 -6.87081e+00
0 -1.63141e+00 -6.87302e+00
0 -1.63141e+00 -6.87482e+00
0 -1.63141e+00 -6.87046e+00
0 -1.63141e+00 -6.86680e+00
0 -1.63141e+00 -6.86831e+00
0 -1.63141e+00 -6.86645e+00
0 -1.63141e+00 -6.86307e+00
0 -1.63141e+00 -6.86452e+00
0 -1.63141e+00 -6.86683e+00
0 -1.63141e+00 -6.86883e+00
0 -1.63141e+00 -6.86160e+00
0 -1.63141e+00 -6.86301e+00
0 -1.63141e+00 -6.86197e+00
0 -1.63141e+00 -6.86424e+00
0 -1.63141e+00 -6.86638e+00
0 -1.63141e+00 -6.85643e+00
0 -1.63141e+00 -6.85643e+00
0 -1.63141e+00 -6.84934e+00
0 -1.63141e+00 -6.85143e+00
0 -1.63141e+00 -6.84214e+00
0 -1.63141e+00 -6.84444e+00
0 -1.63141e+00 -6.84667e+00
0 -1.63141e+00 -6.83890e+00
0 -1.63141e+00 -6.84101e+00
0 -1.63141e+00 -6.84167e+00
0 -1.63141e+00 -6.84376e+00
0 -1.63141e+00 -6.84603e+00
0 -1.63141e+00 -6.84708e+00
0 -1.63141e+00 -6.84129e+00
0 -1.63141e+00 -6.83361e+00
0 -1.63141e+00 -6.83544e+00
0 -1.63141e+00 -6.82678e+00
0 -1.63141e+00 -6.82854e+00
0 -1.63141e+00 -6.83080e+00
0 -1.63141e+00 -6.83203e+00
0 -1.63141e+00 -6.83191e+00
0 -1.63141e+00 -6.83272e+00
0 -1.63141e+00 -6.82938e+00
0 -1.63141e+00 -6.83141e+00
0 -1.63141e+00 -6.83281e+00
0 -1.63141e+00 -6.83397e+00
0 -1.63141e+00 -6.83045e+00
0 -1.63141e+00 -6.83257e+00
0 -1.63141e+00 -6.83438e+00
0 -1.63141e+00 -6.83466e+00
0 -1.63141e+00 -6.83678e+00
0 -1.63141e+00 -6.83782e+00
0 -1.63141e+00 -6.84000e+00
0 -1.63141e+00 -6.84222e+00
0 -1.63141e+00 -6.83720e+00
0 -1.63141e+00 -6.83851e+00
0 -1.63141e+00 -6.83922e+00
0 -1.63141e+00 -6.84033e+00
0 -1.63141e+00 -6.84176e+00
0 -1.63141e+00 -6.84313e+00
0 -1.63141e+00 -6.84093e+00
0 -1.63141e+00 -6.84313e+00
0 -1.63141e+00 -6.84438e+00
0 -1.63141e+00 -6.84536e+00
0 -1.63141e+00 -6.84741e+00
0 -1.63141e+00 -6.84580e+00
0 -1.63141e+00 -6.84726e+00
0 -1.63141e+00 -6.84933e+00
0 -1.63141e+00 -6.85142e+00
0 -1.63141e+00 -6.84509e+00
0 -1.63141e+00 -6.84722e+00
0 -1.63141e+00 -6.84619e+00
0 -1.63141e+00 -6.84627e+00
0 -1.63141e+00 -6.84776e+00
0 -1.63141e+00 -6.84736e+00
0 -1.63141e+00 -6.84906e+00
0 -1.63141e+00 -6.84378e+00
0 -1.63141e+00 -6.84433e+00
0 -1.63141e+00 -6.83952e+00
0 -1.63141e+00 -6.84166e+00
0 -1.63141e+00 -6.84381e+00
0 -1.63141e+00 -6.84281e+00
0 -1.63141e+00 -6.84151e+00
0 -1.63141e+00 -6.84312e+00
0 -1.63141e+00 -6.84511e+00
0 -1.63141e+00 -6.84707e+00
0 -1.63141e+00 -6.84639e+00
0 -1.63141e+00 -6.84166e+00
0 -1.63141e+00 -6.84245e+00
0 -1.63141e+00 -6.84416e+00
0 -1.63141e+00 -6.84628e+00
0 -1.63141e+00 -6.84781e+00
0 -1.63141e+00 -6.84621e+00
0 -1.63141e+00 -6.84635e+00
0 -1.63141e+00 -6.84287e+00
0 -1.63141e+00 -6.84235e+00
0 -1.63141e+00 -6.84415e+00
0 -1.63141e+00 -6.84089e+00
0 -1.63141e+00 -6.84245e+00
0 -1.63141e+00 -6.84433e+00
0 -1.63141e+00 -6.84566e+00
0 -1.63141e+00 -6.84766e+00
0 -1.63141e+00 -6.83851e+00
0 -1.63141e+00 -6.84055e+00
0 -1.63141e+00 -6.83162e+00
0 -1.63141e+00 -6.83216e+00
0 -1.63141e+00 -6.83381e+00
0 -1.63141e+00 -6.83590e+00
0 -1.63141e+00 -6.83735e+00
0 -1.63141e+00 -6.83642e+00
0 -1.63141e+00 -6.83672e+00
0 -1.63141e+00 -6.83846e+00
0 -1.63141e+00 -6.84031e+00
0 -1.63141e+00 -6.83383e+00
0 -1.63141e+00 -6.83513e+00
0 -1.63141e+00 -6.83680e+00
0 -1.63141e+00 -6.83883e+00
0 -1.63141e+00 -6.83939e+00
0 -1.63141e+00 -6.83636e+00
0 -1.63141e+00 -6.83834e+00
0 -1.63141e+00 -6.83937e+00
0 -1.63141e+00 -6.83250e+00
0 -1.63141e+00 -6.83277e+00
0 -1.63141e+00 -6.83234e+00
0 -1.63141e+00 -6.82531e+00
0 -1.63141e+00 -6.82667e+00
0 -1.63141e+00 -6.82867e+00
0 -1.63141e+00 -6.82990e+00
0 -1.63141e+00 -6.82764e+00
0 -1.63141e+00 -6.82968e+00
0 -1.63141e+00 -6.83125e+00
0 -1.63141e+00 -6.83265e+00
0 -1.63141e+00 -6.82669e+00
0 -1.63141e+00 -6.82871e+00
0 -1.63141e+00 -6.83011e+00
0 -1.63141e+00 -6.83187e+00
0 -1.63141e+00 -6.83379e+00
0 -1.63141e+00 -6.83440e+00
0 -1.63141e+00 -6.83335e+00
0 -1.63141e+00 -6.83531e+00
0 -1.63141e+00 -6.83692e+00
0 -1.63141e+00 -6.83507e+00
0 -1.63141e+00 -6.83700e+00
0 -1.63141e+00 -6.83815e+00
0 -1.63141e+00 -6.83930e+00
0 -1.63141e+00 -6.83471e+00
0 -1.63141e+00 -6.83668e+00
0 -1.63141e+00 -6.83810e+00
0 -1.63141e+00 -6.83750e+00
0 -1.63141e+00 -6.83303e+00
0 -1.63141e+00 -6.83475e+00
0 -1.63141e+00 -6.83629e+00
0 -1.63141e+00 -6.83796e+00
0 -1.63141e+00 -6.83447e+00
0 -1.63141e+00 -6.83226e+00
0 -1.63141e+00 -6.83137e+00
0 -1.63141e+00 -6.83328e+00
0 -1.63141e+00 -6.82743e+00
0 -1.63141e+00 -6.82941e+00
0 -1.63141e+00 -6.82985e+00
0 -1.63141e+00 -6.83103e+00
0 -1.63141e+00 -6.82639e+00
0 -1.63141e+00 -6.82818e+00
0 -1.63141e+00 -6.82326e+00
0 -1.63141e+00 -6.82523e+00
0 -1.63141e+00 -6.82720e+00
0 -1.63141e+00 -6.82626e+00
0 -1.63141e+00 -6.82060e+00
0 -1.63141e+00 -6.82106e+00
0 -1.63141e+00 -6.82272e+00
0 -1.63141e+00 -6.82352e+00
0 -1.63141e+00 -6.82424e+00
0 -1.63141e+00 -6.82574e+00
0 -1.63141e+00 -6.82671e+00
0 -1.63141e+00 -6.82844e+00
0 -1.63141e+00 -6.82982e+00
0 -1.63141e+00 -6.83054e+00
0 -1.63141e+00 -6.82443e+00
0 -1.63141e+00 -6.82482e+00
0 -1.63141e+00 -6.82676e+00
0 -1.63141e+00 -6.82807e+00
0 -1.63141e+00 -6.82969e+00
0 -1.63141e+00 -6.83158e+00
0 -1.63141e+00 -6.83329e+00
0 -1.63141e+00 -6.83250e+00
0 -1.63141e+00 -6.83124e+00
0 -1.63141e+00 -6.83316e+00
0 -1.63141e+00 -6.83499e+00
0 -1.63141e+00 -6.83583e+00
0 -1.63141e+00 -6.83531e+00
0 -1.63141e+00 -6.83002e+00
0 -1.63141e+00 -6.83194e+00
0 -1.63141e+00 -6.83380e+00
0 -1.63141e+00 -6.83448e+00
0 -1.63141e+00 -6.83427e+00
0 -1.63141e+00 -6.83523e+00
0 -1.63141e+00 -6.83691e+00
0 -1.63141e+00 -6.83570e+00
0 -1.63141e+00 -6.83649e+00
0 -1.63141e+00 -6.82868e+00
0 -1.63141e+00 -6.83041e+00
0 -1.63141e+00 -6.82648e+00
0 -1.63141e+00 -6.82731e+00
0 -1.63141e+00 -6.82548e+00
0 -1.63141e+00 -6.82736e+00
0 -1.63141e+00 -6.82895e+00
0 -1.63141e+00 -6.82257e+00
0 -1.63141e+00 -6.81473e+00
0 -1.63141e+00 -6.81481e+00
0 -1.63141e+00 -6.81610e+00
0 -1.63141e+00 -6.81799e+00
0 -1.63141e+00 -6.81898e+00
0 -1.63141e+00 -6.81959e+00
0 -1.63141e+00 -6.82070e+00
0 -1.63141e+00 -6.81939e+00
0 -1.63141e+00 -6.82127e+00
0 -1.63141e+00 -6.82270e+00
0 -1.63141e+00 -6.82346e+00
0 -1.63141e+00 -6.82483e+00
0 -1.63141e+00 -6.82630e+00
0 -1.63141e+00 -6.82722e+00
0 -1.63141e+00 -6.82798e+00
0 -1.63141e+00 -6.82955e+00
0 -1.63141e+00 -6.82938e+00
0 -1.63141e+00 -6.82512e+00
0 -1.63141e+00 -6.82578e+00
0 -1.63141e+00 -6.82270e+00
0 -1.63141e+00 -6.82301e+00
0 -1.63141e+00 -6.82193e+00
0 -1.63141e+00 -6.82367e+00
0 -1.63141e+00 -6.81948e+00
0 -1.63141e+00 -6.81982e+00
0 -1.63141e+00 -6.82151e+00
0 -1.63141e+00 -6.81999e+00
0 -1.63141e+00 -6.82173e+00
0 -1.63141e+00 -6.82267e+00
0 -1.63141e+00 -6.82422e+00
0 -1.63141e+00 -6.82593e+00
0 -1.63141e+00 -6.82765e+00
0 -1.63141e+00 -6.82948e+00
0 -1.63141e+00 -6.83129e+00
0 -1.63141e+00 -6.83307e+00
0 -1.63141e+00 -6.83472e+00
0 -1.63141e+00 -6.83644e+00
0 -1.63141e+00 -6.83514e+00
0 -1.63141e+00 -6.83531e+00
0 -1.63141e+00 -6.83627e+00
0 -1.63141e+00 -6.83754e+00
0 -1.63141e+00 -6.83933e+00
0 -1.63141e+00 -6.83914e+00
0 -1.63141e+00 -6.84034e+00
0 -1.63141e+00 -6.84100e+00
0 -1.63141e+00 -6.83408e+00
0 -1.63141e+00 -6.83578e+00
0 -1.63141e+00 -6.83625e+00
0 -1.63141e+00 -6.83724e+00
0 -1.63141e+00 -6.83902e+00
0 -1.63141e+00 -6.84059e+00
0 -1.63141e+00 -6.84233e+00
0 -1.63141e+00 -6.84410e+00
0 -1.63141e+00 -6.84589e+00
0 -1.63141e+00 -6.84764e+00
0 -1.63141e+00 -6.84861e+00
0 -1.63141e+00 -6.84995e+00
0 -1.63141e+00 -6.85174e+00
0 -1.63141e+00 -6.85345e+00
0 -1.63141e+00 -6.85439e+00
0 -1.63141e+00 -6.85579e+00
0 -1.63141e+00 -6.85709e+00
0 -1.63141e+00 -6.85885e+00
0 -1.63141e+00 -6.85659e+00
0 -1.63141e+00 -6.85616e+00
0 -1.63141e+00 -6.85794e+00
0 -1.63141e+00 -6.85855e+00
0 -1.63141e+00 -6.85802e+00
0 -1.63141e+00 -6.85954e+00
0 -1.63141e+00 -6.86103e+00
0 -1.63141e+00 -6.86280e+00
0 -1.63141e+00 -6.86430e+00
0 -1.63141e+00 -6.86264e+00
0 -1.63141e+00 -6.86204e+00
0 -1.63141e+00 -6.86338e+00
0 -1.63141e+00 -6.86442e+00
0 -1.63141e+00 -6.85743e+00
0 -1.63141e+00 -6.85895e+00
0 -1.63141e+00 -6.86068e+00
0 -1.63141e+00 -6.86175e+00
0 -1.63141e+00 -6.86332e+00
0 -1.63141e+00 -6.86469e+00
0 -1.63141e+00 -6.86511e+00
0 -1.63141e+00 -6.86627e+00
0 -1.63141e+00 -6.85985e+00
0 -1.63141e+00 -6.86158e+00
0 -1.63141e+00 -6.85746e+00
0 -1.63141e+00 -6.85916e+00
0 -1.63141e+00 -6.86091e+00
0 -1.63141e+00 -6.86113e+00
0 -1.63141e+00 -6.86287e+00
0 -1.63141e+00 -6.85927e+00
0 -1.63141e+00 -6.86086e+00
0 -1.63141e+00 -6.85611e+00
0 -1.63141e+00 -6.85693e+00
0 -1.63141e+00 -6.85848e+00
0 -1.63141e+00 -6.86010e+00
0 -1.63141e+00 -6.86183e+00
0 -1.63141e+00 -6.86356e+00
0 -1.63141e+00 -6.85705e+00
0 -1.63141e+00 -6.85750e+00
0 -1.63141e+00 -6.85920e+00
0 -1.63141e+00 -6.86084e+00
0 -1.63141e+00 -6.86203e+00
0 -1.63141e+00 -6.85842e+00
0 -1.63141e+00 -6.85345e+00
0 -1.63141e+00 -6.85048e+00
0 -1.63141e+00 -6.85215e+00
0 -1.63141e+00 -6.85326e+00
0 -1.63141e+00 -6.85283e+00
0 -1.63141e+00 -6.85454e+00
0 -1.63141e+00 -6.85615e+00
0 -1.63141e+00 -6.85785e+00
0 -1.63141e+00 -6.85950e+00
0 -1.63141e+00 -6.86120e+00
0 -1.63141e+00 -6.86284e+00
0 -1.63141e+00 -6.86453e+00
0 -1.63141e+00 -6.85820e+00
0 -1.63141e+00 -6.85895e+00
0 -1.63141e+00 -6.85640e+00
0 -1.63141e+00 -6.85768e+00
0 -1.63141e+00 -6.85935e+00
0 -1.63141e+00 -6.86059e+00
0 -1.63141e+00 -6.86208e+00
0 -1.63141e+00 -6.86328e+00
0 -1.63141e+00 -6.86314e+00
0 -1.63141e+00 -6.86215e+00
0 -1.63141e+00 -6.85963e+00
0 -1.63141e+00 -6.86043e+00
0 -1.63141e+00 -6.86133e+00
0 -1.63141e+00 -6.86164e+00
0 -1.63141e+00 -6.86307e+00
0 -1.63141e+00 -6.86410e+00
0 -1.63141e+00 -6.86573e+00
0 -1.63141e+00 -6.86731e+00
0 -1.63141e+00 -6.86515e+00
0 -1.63141e+00 -6.86636e+00
0 -1.63141e+00 -6.86653e+00
0 -1.63141e+00 -6.86759e+00
0 -1.63141e+00 -6.86920e+00
0 -1.63141e+00 -6.87020e+00
0 -1.63141e+00 -6.87060e+00
0 -1.63141e+00 -6.87219e+00
0 -1.63141e+00 -6.87385e+00
0 -1.63141e+00 -6.87443e+00
0 -1.63141e+00 -6.87398e+00
0 -1.63141e+00 -6.86863e+00
0 -1.63141e+00 -6.86770e+00
0 -1.63141e+00 -6.86932e+00
0 -1.63141e+00 -6.86782e+00
0 -1.63141e+00 -6.86875e+00
0 -1.63141e+00 -6.86760e+00
0 -1.63141e+00 -6.86827e+00
0 -1.63141e+00 -6.86912e+00
0 -1.63141e+00 -6.86487e+00
0 -1.63141e+00 -6.86548e+00
0 -1.63141e+00 -6.86713e+00
0 -1.63141e+00 -6.86870e+00
0 -1.63141e+00 -6.86976e+00
0 -1.63141e+00 -6.87116e+00
0 -1.63141e+00 -6.87273e+00
0 -1.63141e+00 -6.87432e+00
0 -1.63141e+00 -6.87574e+00
0 -1.63141e+00 -6.86915e+00
0 -1.63141e+00 -6.86983e+00
0 -1.63141e+00 -6.86907e+00
0 -1.63141e+00 -6.87042e+00
0 -1.63141e+00 -6.86964e+00
0 -1.63141e+00 -6.87049e+00
0 -1.63141e+00 -6.86987e+00
0 -1.63141e+00 -6.87043e+00
0 -1.63141e+00 -6.86889e+00
0 -1.63141e+00 -6.87052e+00
0 -1.63141e+00 -6.87210e+00
0 -1.63141e+00 -6.86695e+00
0 -1.63141e+00 -6.86846e+00
0 -1.63141e+00 -6.86992e+00
0 -1.63141e+00 -6.86936e+00
0 -1.63141e+00 -6.87042e+00
0 -1.63141e+00 -6.86705e+00
0 -1.63141e+00 -6.86760e+00
0 -1.63141e+00 -6.86136e+00
0 -1.63141e+00 -6.85860e+00
0 -1.63141e+00 -6.86010e+00
0 -1.63141e+00 -6.86106e+00
0 -1.63141e+00 -6.86128e+00
0 -1.63141e+00 -6.86220e+00
0 -1.63141e+00 -6.85839e+00
0 -1.63141e+00 -6.85891e+00
0 -1.63141e+00 -6.85395e+00
0 -1.63141e+00 -6.85516e+00
0 -1.63141e+00 -6.85617e+00
0 -1.63141e+00 -6.85774e+00
0 -1.63141e+00 -6.85903e+00
0 -1.63141e+00 -6.86034e+00
0 -1.63141e+00 -6.86164e+00
0 -1.63141e+00 -6.86139e+00
0 -1.63141e+00 -6.86100e+00
0 -1.63141e+00 -6.86243e+00
0 -1.63141e+00 -6.86397e+00
0 -1.63141e+00 -6.86175e+00
0 -1.63141e+00 -6.85743e+00
0 -1.63141e+00 -6.85303e+00
0 -1.63141e+00 -6.85444e+00
0 -1.63141e+00 -6.85524e+00
0 -1.63141e+00 -6.85682e+00
0 -1.63141e+00 -6.85821e+00
0 -1.63141e+00 -6.85968e+00
0 -1.63141e+00 -6.85769e+00
0 -1.63141e+00 -6.85907e+00
0 -1.63141e+00 -6.86061e+00
0 -1.63141e+00 -6.85958e+00
0 -1.63141e+00 -6.85933e+00
0 -1.63141e+00 -6.86084e+00
0 -1.63141e+00 -6.85506e+00
0 -1.63141e+00 -6.85612e+00
0 -1.63141e+00 -6.85765e+00
0 -1.63141e+00 -6.85661e+00
0 -1.63141e+00 -6.85777e+00
0 -1.63141e+00 -6.85931e+00
0 -1.63141e+00 -6.86027e+00
0 -1.63141e+00 -6.85585e+00
0 -1.63141e+00 -6.85549e+00
0 -1.63141e+00 -6.85682e+00
0 -1.63141e+00 -6.85656e+00
0 -1.63141e+00 -6.85811e+00
0 -1.63141e+00 -6.85953e+00
0 -1.63141e+00 -6.85712e+00
0 -1.63141e+00 -6.85772e+00
0 -1.63141e+00 -6.85871e+00
0 -1.63141e+00 -6.85948e+00
0 -1.63141e+00 -6.86060e+00
0 -1.63141e+00 -6.86185e+00
0 -1.63141e+00 -6.86063e+00
0 -1.63141e+00 -6.86208e+00
0 -1.63141e+00 -6.86363e+00
0 -1.63141e+00 -6.85964e+00
0 -1.63141e+00 -6.86116e+00
0 -1.63141e+00 -6.86266e+00
0 -1.63141e+00 -6.86054e+00
0 -1.63141e+00 -6.86147e+00
0 -1.63141e+00 -6.86282e+00
0 -1.63141e+00 -6.86410e+00
0 -1.63141e+00 -6.86139e+00
0 -1.63141e+00 -6.85866e+00
0 -1.63141e+00 -6.85612e+00
0 -1.63141e+00 -6.85720e+00
0 -1.63141e+00 -6.85694e+00
0 -1.63141e+00 -6.85844e+00
0 -1.63141e+00 -6.85977e+00
0 -1.63141e+00 -6.85630e+00
0 -1.63141e+00 -6.85575e+00
0 -1.63141e+00 -6.85258e+00
0 -1.63141e+00 -6.85359e+00
0 -1.63141e+00 -6.85463e+00
0 -1.63141e+00 -6.85615e+00
0 -1.63141e+00 -6.85765e+00
0 -1.63141e+00 -6.85186e+00
0 -1.63141e+00 -6.85282e+00
0 -1.63141e+00 -6.85371e+00
0 -1.63141e+00 -6.85521e+00
0 -1.63141e+00 -6.85622e+00
0 -1.63141e+00 -6.85117e+00
0 -1.63141e+00 -6.84980e+00
0 -1.63141e+00 -6.84633e+00
0 -1.63141e+00 -6.84741e+00
0 -1.63141e+00 -6.84795e+00
0 -1.63141e+00 -6.84529e+00
0 -1.63141e+00 -6.84555e+00
0 -1.63141e+00 -6.84704e+00
0 -1.63141e+00 -6.84515e+00
0 -1.63141e+00 -6.84664e+00
0 -1.63141e+00 -6.84803e+00
0 -1.63141e+00 -6.84894e+00
0 -1.63141e+00 -6.84808e+00
0 -1.63141e+00 -6.84956e+00
0 -1.63141e+00 -6.85028e+00
0 -1.63141e+00 -6.85174e+00
0 -1.63141e+00 -6.85322e+00
0 -1.63141e+00 -6.85458e+00
0 -1.63141e+00 -6.85480e+00
0 -1.63141e+00 -6.85112e+00
0 -1.63141e+00 -6.84588e+00
0 -1.63141e+00 -6.84351e+00
0 -1.63141e+00 -6.84500e+00
0 -1.63141e+00 -6.84647e+00
0 -1.63141e+00 -6.84788e+00
0 -1.63141e+00 -6.84790e+00
0 -1.63141e+00 -6.84886e+00
0 -1.63141e+00 -6.84639e+00
0 -1.63141e+00 -6.84709e+00
0 -1.63141e+00 -6.84827e+00
0 -1.63141e+00 -6.84813e+00
0 -1.63141e+00 -6.84935e+00
0 -1.63141e+00 -6.85075e+00
0 -1.63141e+00 -6.85192e+00
0 -1.63141e+00 -6.85137e+00
0 -1.63141e+00 -6.84673e+00
0 -1.63141e+00 -6.84794e+00
0 -1.63141e+00 -6.84928e+00
0 -1.63141e+00 -6.85005e+00
0 -1.63141e+00 -6.84982e+00
0 -1.63141e+00 -6.85066e+00
0 -1.63141e+00 -6.85136e+00
0 -1.63141e+00 -6.84662e+00
0 -1.63141e+00 -6.84799e+00
0 -1.63141e+00 -6.84806e+00
0 -1.63141e+00 -6.84317e+00
0 -1.63141e+00 -6.84359e+00
0 -1.63141e+00 -6.84467e+00
0 -1.63141e+00 -6.84132e+00
0 -1.63141e+00 -6.84179e+00
0 -1.63141e+00 -6.84280e+00
0 -1.63141e+00 -6.83909e+00
0 -1.63141e+00 -6.84013e+00
0 -1.63141e+00 -6.83763e+00
0 -1.63141e+00 -6.83899e+00
0 -1.63141e+00 -6.83999e+00
0 -1.63141e+00 -6.83908e+00
0 -1.63141e+00 -6.83758e+00
0 -1.63141e+00 -6.83849e+00
0 -1.63141e+00 -6.83253e+00
0 -1.63141e+00 -6.83356e+00
0 -1.63141e+00 -6.83425e+00
0 -1.63141e+00 -6.83237e+00
0 -1.63141e+00 -6.83368e+00
0 -1.63141e+00 -6.83318e+00
0 -1.63141e+00 -6.83461e+00
0 -1.63141e+00 -6.83596e+00
0 -1.63141e+00 -6.83711e+00
0 -1.63141e+00 -6.83852e+00
0 -1.63141e+00 -6.83968e+00
0 -1.63141e+00 -6.84015e+00
0 -1.63141e+00 -6.84158e+00
0 -1.63141e+00 -6.84111e+00
0 -1.63141e+00 -6.84158e+00
0 -1.63141e+00 -6.84228e+00
0 -1.63141e+00 -6.84363e+00
0 -1.63141e+00 -6.84385e+00
0 -1.63141e+00 -6.84524e+00
0 -1.63141e+00 -6.84325e+00
0 -1.63141e+00 -6.84455e+00
0 -1.63141e+00 -6.84589e+00
0 -1.63141e+00 -6.84693e+00
0 -1.63141e+00 -6.84774e+00
0 -1.63141e+00 -6.84266e+00
0 -1.63141e+00 -6.84352e+00
0 -1.63141e+00 -6.84454e+00
0 -1.63141e+00 -6.84131e+00
0 -1.63141e+00 -6.83932e+00
0 -1.63141e+00 -6.84071e+00
0 -1.63141e+00 -6.84100e+00
0 -1.63141e+00 -6.83490e+00
0 -1.63141e+00 -6.83544e+00
0 -1.63141e+00 -6.83685e+00
0 -1.63141e+00 -6.83822e+00
0 -1.63141e+00 -6.83962e+00
0 -1.63141e+00 -6.84099e+00
0 -1.63141e+00 -6.84157e+00
0 -1.63141e+00 -6.84114e+00
0 -1.63141e+00 -6.84251e+00
0 -1.63141e+00 -6.84203e+00
0 -1.63141e+00 -6.84267e+00
0 -1.63141e+00 -6.84404e+00
0 -1.63141e+00 -6.84481e+00
0 -1.63141e+00 -6.84507e+00
0 -1.63141e+00 -6.84612e+00
0 -1.63141e+00 -6.84554e+00
0 -1.63141e+00 -6.84686e+00
0 -1.63141e+00 -6.84788e+00
0 -1.63141e+00 -6.84901e+00
0 -1.63141e+00 -6.84585e+00
0 -1.63141e+00 -6.84598e+00
0 -1.63141e+00 -6.84500e+00
0 -1.63141e+00 -6.84639e+00
0 -1.63141e+00 -6.84520e+00
0 -1.63141e+00 -6.84639e+00
0 -1.63141e+00 -6.84763e+00
0 -1.63141e+00 -6.84757e+00
0 -1.63141e+00 -6.84859e+00
0 -1.63141e+00 -6.84918e+00
0 -1.63141e+00 -6.85054e+00
0 -1.63141e+00 -6.85154e+00
0 -1.63141e+00 -6.85051e+00
0 -1.63141e+00 -6.85142e+00
0 -1.63141e+00 -6.85200e+00
0 -1.63141e+00 -6.85001e+00
0 -1.63141e+00 -6.84465e+00
0 -1.63141e+00 -6.84531e+00
0 -1.63141e+00 -6.84666e+00
0 -1.63141e+00 -6.84742e+00
0 -1.63141e+00 -6.84797e+00
0 -1.63141e+00 -6.84931e+00
0 -1.63141e+00 -6.84909e+00
0 -1.63141e+00 -6.84965e+00
0 -1.63141e+00 -6.85092e+00
0 -1.63141e+00 -6.85168e+00
0 -1.63141e+00 -6.85202e+00
0 -1.63141e+00 -6.85317e+00
0 -1.63141e+00 -6.85420e+00
0 -1.63141e+00 -6.85549e+00
0 -1.63141e+00 -6.85208e+00
0 -1.63141e+00 -6.85294e+00
0 -1.63141e+00 -6.85413e+00
0 -1.63141e+00 -6.85549e+00
0 -1.63141e+00 -6.85681e+00
0 -1.63141e+00 -6.85713e+00
0 -1.63141e+00 -6.85845e+00
0 -1.63141e+00 -6.85979e+00
0 -1.63141e+00 -6.86099e+00
0 -1.63141e+00 -6.86231e+00
0 -1.63141e+00 -6.86359e+00
0 -1.63141e+00 -6.86287e+00
0 -1.63141e+00 -6.86351e+00
0 -1.63141e+00 -6.86467e+00
0 -1.63141e+00 -6.86552e+00
0 -1.63141e+00 -6.86618e+00
0 -1.63141e+00 -6.86753e+00
0 -1.63141e+00 -6.86422e+00
0 -1.63141e+00 -6.86549e+00
0 -1.63141e+00 -6.86676e+00
0 -1.63141e+00 -6.86318e+00
0 -1.63141e+00 -6.86436e+00
0 -1.63141e+00 -6.86569e+00
0 -1.63141e+00 -6.86703e+00
0 -1.63141e+00 -6.86783e+00
0 -1.63141e+00 -6.86520e+00
0 -1.63141e+00 -6.86619e+00
0 -1.63141e+00 -6.86096e+00
0 -1.63141e+00 -6.86199e+00
0 -1.63141e+00 -6.85737e+00
0 -1.63141e+00 -6.85556e+00
0 -1.63141e+00 -6.85567e+00
0 -1.63141e+00 -6.85014e+00
0 -1.63141e+00 -6.85148e+00
0 -1.63141e+00 -6.85242e+00
0 -1.63141e+00 -6.85286e+00
0 -1.63141e+00 -6.85231e+00
0 -1.63141e+00 -6.85340e+00
0 -1.63141e+00 -6.85452e+00
0 -1.63141e+00 -6.85584e+00
0 -1.63141e+00 -6.85664e+00
0 -1.63141e+00 -6.85784e+00
0 -1.63141e+00 -6.85734e+00
0 -1.63141e+00 -6.85867e+00
0 -1.63141e+00 -6.85816e+00
0 -1.63141e+00 -6.85283e+00
0 -1.63141e+00 -6.85410e+00
0 -1.63141e+00 -6.85027e+00
0 -1.63141e+00 -6.85158e+00
0 -1.63141e+00 -6.85255e+00
0 -1.63141e+00 -6.85286e+00
0 -1.63141e+00 -6.85214e+00
0 -1.63141e+00 -6.84632e+00
0 -1.63141e+00 -6.84759e+00
0 -1.63141e+00 -6.84889e+00
0 -1.63141e+00 -6.85008e+00
0 -1.63141e+00 -6.85104e+00
0 -1.63141e+00 -6.85217e+00
0 -1.63141e+00 -6.85331e+00
0 -1.63141e+00 -6.85325e+00
0 -1.63141e+00 -6.85252e+00
0 -1.63141e+00 -6.85373e+00
0 -1.63141e+00 -6.85493e+00
0 -1.63141e+00 -6.85568e+00
0 -1.63141e+00 -6.85619e+00
0 -1.63141e+00 -6.85614e+00
0 -1.63141e+00 -6.85701e+00
0 -1.63141e+00 -6.85813e+00
0 -1.63141e+00 -6.85813e+00
0 -1.63141e+00 -6.85927e+00
0 -1.63141e+00 -6.85930e+00
0 -1.63141e+00 -6.86060e+00
0 -1.63141e+00 -6.85983e+00
0 -1.63141e+00 -6.86113e+00
0 -1.63141e+00 -6.85997e+00
0 -1.63141e+00 -6.85988e+00
0 -1.63141e+00 -6.86072e+00
0 -1.63141e+00 -6.86131e+00
0 -1.63141e+00 -6.86029e+00
0 -1.63141e+00 -6.86157e+00
0 -1.63141e+00 -6.86286e+00
0 -1.63141e+00 -6.86276e+00
0 -1.63141e+00 -6.86284e+00
0 -1.63141e+00 -6.86411e+00
0 -1.63141e+00 -6.86497e+00
0 -1.63141e+00 -6.86572e+00
0 -1.63141e+00 -6.86694e+00
0 -1.63141e+00 -6.86702e+00
0 -1.63141e+00 -6.86282e+00
0 -1.63141e+00 -6.85820e+00
0 -1.63141e+00 -6.85929e+00
0 -1.63141e+00 -6.86054e+00
0 -1.63141e+00 -6.85919e+00
0 -1.63141e+00 -6.86037e+00
0 -1.63141e+00 -6.86131e+00
0 -1.63141e+00 -6.86201e+00
0 -1.63141e+00 -6.86212e+00
0 -1.63141e+00 -6.85987e+00
0 -1.63141e+00 -6.86114e+00
0 -1.63141e+00 -6.85774e+00
0 -1.63141e+00 -6.85348e+00
0 -1.63141e+00 -6.85448e+00
0 -1.63141e+00 -6.85496e+00
0 -1.63141e+00 -6.85602e+00
0 -1.63141e+00 -6.85475e+00
0 -1.63141e+00 -6.85478e+00
0 -1.63141e+00 -6.85538e+00
0 -1.63141e+00 -6.85646e+00
0 -1.63141e+00 -6.85773e+00
0 -1.63141e+00 -6.85690e+00
0 -1.63141e+00 -6.85817e+00
0 -1.63141e+00 -6.85933e+00
0 -1.63141e+00 -6.86060e+00
0 -1.63141e+00 -6.86090e+00
0 -1.63141e+00 -6.86189e+00
0 -1.63141e+00 -6.86292e+00
0 -1.63141e+00 -6.86402e+00
0 -1.63141e+00 -6.86461e+00
0 -1.63141e+00 -6.86555e+00
0 -1.63141e+00 -6.86572e+00
0 -1.63141e+00 -6.86307e+00
0 -1.63141e+00 -6.86405e+00
0 -1.63141e+00 -6.86529e+00
0 -1.63141e+00 -6.86573e+00
0 -1.63141e+00 -6.86392e+00
0 -1.63141e+00 -6.86514e+00
0 -1.63141e+00 -6.86440e+00
0 -1.63141e+00 -6.86536e+00
0 -1.63141e+00 -6.86661e+00
0 -1.63141e+00 -6.86617e+00
0 -1.63141e+00 -6.86591e+00
0 -1.63141e+00 -6.86690e+00
0 -1.63141e+00 -6.86806e+00
0 -1.63141e+00 -6.86547e+00
0 -1.63141e+00 -6.86657e+00
0 -1.63141e+00 -6.86742e+00
0 -1.63141e+00 -6.86591e+00
0 -1.63141e+00 -6.86633e+00
0 -1.63141e+00 -6.86674e+00
0 -1.63141e+00 -6.86791e+00
0 -1.63141e+00 -6.86719e+00
0 -1.63141e+00 -6.86844e+00
0 -1.63141e+00 -6.86386e+00
0 -1.63141e+00 -6.86043e+00
0 -1.63141e+00 -6.86159e+00
0 -1.63141e+00 -6.85888e+00
0 -1.63141e+00 -6.85833e+00
0 -1.63141e+00 -6.85955e+00
0 -1.63141e+00 -6.86079e+00
0 -1.63141e+00 -6.86175e+00
0 -1.63141e+00 -6.86291e+00
0 -1.63141e+00 -6.86390e+00
0 -1.63141e+00 -6.86496e+00
0 -1.63141e+00 -6.86584e+00
0 -1.63141e+00 -6.86056e+00
0 -1.63141e+00 -6.86151e+00
0 -1.63141e+00 -6.86258e+00
0 -1.63141e+00 -6.86322e+00
0 -1.63141e+00 -6.86379e+00
0 -1.63141e+00 -6.86497e+00
0 -1.63141e+00 -6.86572e+00
0 -1.63141e+00 -6.86679e+00
0 -1.63141e+00 -6.86698e+00
0 -1.63141e+00 -6.86816e+00
0 -1.63141e+00 -6.86912e+00
0 -1.63141e+00 -6.87035e+00
0 -1.63141e+00 -6.87136e+00
0 -1.63141e+00 -6.87055e+00
0 -1.63141e+00 -6.87141e+00
0 -1.63141e+00 -6.87246e+00
0 -1.63141e+00 -6.87087e+00
0 -1.63141e+00 -6.86713e+00
0 -1.63141e+00 -6.86629e+00
0 -1.63141e+00 -6.86122e+00
0 -1.63141e+00 -6.86123e+00
0 -1.63141e+00 -6.86245e+00
0 -1.63141e+00 -6.86231e+00
0 -1.63141e+00 -6.85963e+00
0 -1.63141e+00 -6.86084e+00
0 -1.63141e+00 -6.86203e+00
0 -1.63141e+00 -6.86280e+00
0 -1.63141e+00 -6.86125e+00
0 -1.63141e+00 -6.85836e+00
0 -1.63141e+00 -6.85601e+00
0 -1.63141e+00 -6.85687e+00
0 -1.63141e+00 -6.85808e+00
0 -1.63141e+00 -6.85390e+00
0 -1.63141e+00 -6.85246e+00
0 -1.63141e+00 -6.84951e+00
0 -1.63141e+00 -6.85071e+00
0 -1.63141e+00 -6.85039e+00
0 -1.63141e+00 -6.84569e+00
0 -1.63141e+00 -6.84542e+00
0 -1.63141e+00 -6.84645e+00
0 -1.63141e+00 -6.84339e+00
0 -1.63141e+00 -6.84418e+00
0 -1.63141e+00 -6.84514e+00
0 -1.63141e+00 -6.84627e+00
0 -1.63141e+00 -6.84550e+00
0 -1.63141e+00 -6.84609e+00
0 -1.63141e+00 -6.84716e+00
0 -1.63141e+00 -6.84604e+00
0 -1.63141e+00 -6.84657e+00
0 -1.63141e+00 -6.84684e+00
0 -1.63141e+00 -6.84774e+00
0 -1.63141e+00 -6.84451e+00
0 -1.63141e+00 -6.84565e+00
0 -1.63141e+00 -6.84594e+00
0 -1.63141e+00 -6.84695e+00
0 -1.63141e+00 -6.84244e+00
0 -1.63141e+00 -6.84363e+00
0 -1.63141e+00 -6.84179e+00
0 -1.63141e+00 -6.84292e+00
0 -1.63141e+00 -6.84333e+00
0 -1.63141e+00 -6.83861e+00
0 -1.63141e+00 -6.83969e+00
0 -1.63141e+00 -6.84046e+00
0 -1.63141e+00 -6.84147e+00
0 -1.63141e+00 -6.84227e+00
0 -1.63141e+00 -6.84340e+00
0 -1.63141e+00 -6.84408e+00
0 -1.63141e+00 -6.84476e+00
0 -1.63141e+00 -6.84159e+00
0 -1.63141e+00 -6.83936e+00
0 -1.63141e+00 -6.84028e+00
0 -1.63141e+00 -6.83921e+00
0 -1.63141e+00 -6.83951e+00
0 -1.63141e+00 -6.84006e+00
0 -1.63141e+00 -6.84123e+00
0 -1.63141e+00 -6.84235e+00
0 -1.63141e+00 -6.84346e+00
0 -1.63141e+00 -6.84169e+00
0 -1.63141e+00 -6.84277e+00
0 -1.63141e+00 -6.84143e+00
0 -1.63141e+00 -6.84064e+00
0 -1.63141e+00 -6.84118e+00
0 -1.63141e+00 -6.84199e+00
0 -1.63141e+00 -6.84311e+00
0 -1.63141e+00 -6.84380e+00
0 -1.63141e+00 -6.84474e+00
0 -1.63141e+00 -6.84087e+00
0 -1.63141e+00 -6.83743e+00
0 -1.63141e+00 -6.83850e+00
0 -1.63141e+00 -6.83966e+00
0 -1.63141e+00 -6.83980e+00
0 -1.63141e+00 -6.83879e+00
0 -1.63141e+00 -6.83766e+00
0 -1.63141e+00 -6.83865e+00
0 -1.63141e+00 -6.83942e+00
0 -1.63141e+00 -6.84029e+00
0 -1.63141e+00 -6.84071e+00
0 -1.63141e+00 -6.84054e+00
0 -1.63141e+00 -6.83800e+00
0 -1.63141e+00 -6.83872e+00
0 -1.63141e+00 -6.83980e+00
0 -1.63141e+00 -6.84058e+00
0 -1.63141e+00 -6.84152e+00
0 -1.63141e+00 -6.84235e+00
0 -1.63141e+00 -6.84347e+00
0 -1.63141e+00 -6.84463e+00
0 -1.63141e+00 -6.84019e+00
0 -1.63141e+00 -6.84134e+00
0 -1.63141e+00 -6.84113e+00
0 -1.63141e+00 -6.84211e+00
0 -1.63141e+00 -6.84280e+00
0 -1.63141e+00 -6.84347e+00
0 -1.63141e+00 -6.84021e+00
0 -1.63141e+00 -6.84106e+00
0 -1.63141e+00 -6.84217e+00
0 -1.63141e+00 -6.84261e+00
0 -1.63141e+00 -6.84367e+00
0 -1.63141e+00 -6.84439e+00
0 -1.63141e+00 -6.84553e+00
0 -1.63141e+00 -6.84665e+00
0 -1.63141e+00 -6.84646e+00
0 -1.63141e+00 -6.84736e+00
0 -1.63141e+00 -6.84821e+00
0 -1.63141e+00 -6.84740e+00
0 -1.63141e+00 -6.84794e+00
0 -1.63141e+00 -6.84867e+00
0 -1.63141e+00 -6.84905e+00
0 -1.63141e+00 -6.84619e+00
0 -1.63141e+00 -6.84699e+00
0 -1.63141e+00 -6.84809e+00
0 -1.63141e+00 -6.84876e+00
0 -1.63141e+00 -6.84654e+00
0 -1.63141e+00 -6.84761e+00
0 -1.63141e+00 -6.84816e+00
0 -1.63141e+00 -6.84887e+00
0 -1.63141e+00 -6.84981e+00
0 -1.63141e+00 -6.84494e+00
0 -1.63141e+00 -6.84410e+00
0 -1.63141e+00 -6.84333e+00
0 -1.63141e+00 -6.84386e+00
0 -1.63141e+00 -6.84486e+00
0 -1.63141e+00 -6.84585e+00
0 -1.63141e+00 -6.84694e+00
0 -1.63141e+00 -6.84620e+00
0 -1.63141e+00 -6.84457e+00
0 -1.63141e+00 -6.84569e+00
0 -1.63141e+00 -6.84656e+00
0 -1.63141e+00 -6.84732e+00
0 -1.63141e+00 -6.84844e+00
0 -1.63141e+00 -6.84955e+00
0 -1.63141e+00 -6.85064e+00
0 -1.63141e+00 -6.85158e+00
0 -1.63141e+00 -6.84693e+00
0 -1.63141e+00 -6.84743e+00
0 -1.63141e+00 -6.84825e+00
0 -1.63141e+00 -6.84382e+00
0 -1.63141e+00 -6.84424e+00
0 -1.63141e+00 -6.84531e+00
0 -1.63141e+00 -6.84617e+00
0 -1.63141e+00 -6.84692e+00
0 -1.63141e+00 -6.84798e+00
0 -1.63141e+00 -6.84841e+00
0 -1.63141e+00 -6.84947e+00
0 -1.63141e+00 -6.84856e+00
0 -1.63141e+00 -6.84910e+00
0 -1.63141e+00 -6.84838e+00
0 -1.63141e+00 -6.84790e+00
0 -1.63141e+00 -6.84898e+00
0 -1.63141e+00 -6.85009e+00
0 -1.63141e+00 -6.84739e+00
0 -1.63141e+00 -6.84834e+00
0 -1.63141e+00 -6.84855e+00
0 -1.63141e+00 -6.84692e+00
0 -1.63141e+00 -6.84786e+00
0 -1.63141e+00 -6.84855e+00
0 -1.63141e+00 -6.84469e+00
0 -1.63141e+00 -6.84576e+00
0 -1.63141e+00 -6.84655e+00
0 -1.63141e+00 -6.84628e+00
0 -1.63141e+00 -6.84694e+00
0 -1.63141e+00 -6.84805e+00
0 -1.63141e+00 -6.84397e+00
0 -1.63141e+00 -6.84251e+00
0 -1.63141e+00 -6.84357e+00
0 -1.63141e+00 -6.84440e+00
0 -1.63141e+00 -6.84529e+00
0 -1.63141e+00 -6.84253e+00
0 -1.63141e+00 -6.84076e+00
0 -1.63141e+00 -6.84187e+00
0 -1.63141e+00 -6.84143e+00
0 -1.63141e+00 -6.84207e+00
0 -1.63141e+00 -6.84087e+00
0 -1.63141e+00 -6.83612e+00
0 -1.63141e+00 -6.83652e+00
0 -1.63141e+00 -6.83762e+00
0 -1.63141e+00 -6.83852e+00
0 -1.63141e+00 -6.83940e+00
0 -1.63141e+00 -6.83933e+00
0 -1.63141e+00 -6.84042e+00
0 -1.63141e+00 -6.83699e+00
0 -1.63141e+00 -6.83800e+00
0 -1.63141e+00 -6.83908e+00
0 -1.63141e+00 -6.83817e+00
0 -1.63141e+00 -6.83860e+00
0 -1.63141e+00 -6.83953e+00
0 -1.63141e+00 -6.84060e+00
0 -1.63141e+00 -6.84154e+00
0 -1.63141e+00 -6.84263e+00
0 -1.63141e+00 -6.84092e+00
0 -1.63141e+00 -6.84186e+00
0 -1.63141e+00 -6.84260e+00
0 -1.63141e+00 -6.84293e+00
0 -1.63141e+00 -6.84116e+00
0 -1.63141e+00 -6.84225e+00
0 -1.63141e+00 -6.84330e+00
0 -1.63141e+00 -6.84246e+00
0 -1.63141e+00 -6.84295e+00
0 -1.63141e+00 -6.84376e+00
0 -1.63141e+00 -6.84473e+00
0 -1.63141e+00 -6.84266e+00
0 -1.63141e+00 -6.84159e+00
0 -1.63141e+00 -6.84212e+00
0 -1.63141e+00 -6.84296e+00
0 -1.63141e+00 -6.83911e+00
0 -1.63141e+00 -6.84018e+00
0 -1.63141e+00 -6.84118e+00
0 -1.63141e+00 -6.84206e+00
0 -1.63141e+00 -6.84283e+00
0 -1.63141e+00 -6.83925e+00
0 -1.63141e+00 -6.83999e+00
0 -1.63141e+00 -6.83771e+00
0 -1.63141e+00 -6.83875e+00
0 -1.63141e+00 -6.83953e+00
0 -1.63141e+00 -6.83915e+00
0 -1.63141e+00 -6.83968e+00
0 -1.63141e+00 -6.84067e+00
0 -1.63141e+00 -6.83924e+00
0 -1.63141e+00 -6.84030e+00
0 -1.63141e+00 -6.84129e+00
0 -1.63141e+00 -6.84117e+00
0 -1.63141e+00 -6.84220e+00
0 -1.63141e+00 -6.84328e+00
0 -1.63141e+00 -6.84373e+00
0 -1.63141e+00 -6.84477e+00
0 -1.63141e+00 -6.84571e+00
0 -1.63141e+00 -6.84643e+00
0 -1.63141e+00 -6.84743e+00
0 -1.63141e+00 -6.84840e+00
0 -1.63141e+00 -6.84945e+00
0 -1.63141e+00 -6.85046e+00
0 -1.63141e+00 -6.85017e+00
0 -1.63141e+00 -6.85123e+00
0 -1.63141e+00 -6.85095e+00
0 -1.63141e+00 -6.85172e+00
0 -1.63141e+00 -6.85278e+00
0 -1.63141e+00 -6.85340e+00
0 -1.63141e+00 -6.84932e+00
0 -1.63141e+00 -6.85018e+00
0 -1.63141e+00 -6.84861e+00
0 -1.63141e+00 -6.84839e+00
0 -1.63141e+00 -6.84663e+00
0 -1.63141e+00 -6.84734e+00
0 -1.63141e+00 -6.84314e+00
0 -1.63141e+00 -6.84398e+00
0 -1.63141e+00 -6.84491e+00
0 -1.63141e+00 -6.84568e+00
0 -1.63141e+00 -6.84571e+00
0 -1.63141e+00 -6.84670e+00
0 -1.63141e+00 -6.84740e+00
0 -1.63141e+00 -6.84831e+00
0 -1.63141e+00 -6.84866e+00
0 -1.63141e+00 -6.84957e+00
0 -1.63141e+00 -6.84867e+00
0 -1.63141e+00 -6.84969e+00
0 -1.63141e+00 -6.85069e+00
0 -1.63141e+00 -6.84822e+00
0 -1.63141e+00 -6.84899e+00
0 -1.63141e+00 -6.84979e+00
0 -1.63141e+00 -6.85019e+00
0 -1.63141e+00 -6.85066e+00
0 -1.63141e+00 -6.84953e+00
0 -1.63141e+00 -6.84779e+00
0 -1.63141e+00 -6.84870e+00
0 -1.63141e+00 -6.84969e+00
0 -1.63141e+00 -6.85053e+00
0 -1.63141e+00 -6.84762e+00
0 -1.63141e+00 -6.84853e+00
0 -1.63141e+00 -6.84955e+00
0 -1.63141e+00 -6.85060e+00
0 -1.63141e+00 -6.85159e+00
0 -1.63141e+00 -6.85253e+00
0 -1.63141e+00 -6.84911e+00
0 -1.63141e+00 -6.85002e+00
0 -1.63141e+00 -6.84717e+00
0 -1.63141e+00 -6.84801e+00
0 -1.63141e+00 -6.84670e+00
0 -1.63141e+00 -6.84765e+00
0 -1.63141e+00 -6.84792e+00
0 -1.63141e+00 -6.84889e+00
0 -1.63141e+00 -6.84936e+00
0 -1.63141e+00 -6.84962e+00
0 -1.63141e+00 -6.85066e+00
0 -1.63141e+00 -6.84712e+00
0 -1.63141e+00 -6.84791e+00
0 -1.63141e+00 -6.84719e+00
0 -1.63141e+00 -6.84685e+00
0 -1.63141e+00 -6.84780e+00
0 -1.63141e+00 -6.84790e+00
0 -1.63141e+00 -6.84871e+00
0 -1.63141e+00 -6.84974e+00
0 -1.63141e+00 -6.85046e+00
0 -1.63141e+00 -6.85093e+00
0 -1.63141e+00 -6.85111e+00
0 -1.63141e+00 -6.85081e+00
0 -1.63141e+00 -6.85081e+00
0 -1.63141e+00 -6.85184e+00
0 -1.63141e+00 -6.85277e+00
0 -1.63141e+00 -6.84825e+00
0 -1.63141e+00 -6.84700e+00
0 -1.63141e+00 -6.84775e+00
0 -1.63141e+00 -6.84827e+00
0 -1.63141e+00 -6.84593e+00
0 -1.63141e+00 -6.84694e+00
0 -1.63141e+00 -6.84370e+00
0 -1.63141e+00 -6.84282e+00
0 -1.63141e+00 -6.84350e+00
0 -1.63141e+00 -6.84436e+00
0 -1.63141e+00 -6.84090e+00
0 -1.63141e+00 -6.84192e+00
0 -1.63141e+00 -6.84294e+00
0 -1.63141e+00 -6.84331e+00
0 -1.63141e+00 -6.84343e+00
0 -1.63141e+00 -6.84399e+00
0 -1.63141e+00 -6.84435e+00
0 -1.63141e+00 -6.84536e+00
0 -1.63141e+00 -6.84634e+00
0 -1.63141e+00 -6.84710e+00
0 -1.63141e+00 -6.84384e+00
0 -1.63141e+00 -6.84480e+00
0 -1.63141e+00 -6.84572e+00
0 -1.63141e+00 -6.84669e+00
0 -1.63141e+00 -6.84657e+00
0 -1.63141e+00 -6.84759e+00
0 -1.63141e+00 -6.84777e+00
0 -1.63141e+00 -6.84764e+00
0 -1.63141e+00 -6.84866e+00
0 -1.63141e+00 -6.84967e+00
0 -1.63141e+00 -6.85055e+00
0 -1.63141e+00 -6.85081e+00
0 -1.63141e+00 -6.85162e+00
0 -1.63141e+00 -6.85226e+00
0 -1.63141e+00 -6.84804e+00
0 -1.63141e+00 -6.84901e+00
0 -1.63141e+00 -6.84991e+00
0 -1.63141e+00 -6.85088e+00
0 -1.63141e+00 -6.85059e+00
0 -1.63141e+00 -6.85156e+00
0 -1.63141e+00 -6.84945e+00
0 -1.63141e+00 -6.84964e+00
0 -1.63141e+00 -6.84596e+00
0 -1.63141e+00 -6.84553e+00
0 -1.63141e+00 -6.84529e+00
0 -1.63141e+00 -6.84548e+00
0 -1.63141e+00 -6.84638e+00
0 -1.63141e+00 -6.84658e+00
0 -1.63141e+00 -6.84702e+00
0 -1.63141e+00 -6.84735e+00
0 -1.63141e+00 -6.84807e+00
0 -1.63141e+00 -6.84898e+00
0 -1.63141e+00 -6.84958e+00
0 -1.63141e+00 -6.84890e+00
0 -1.63141e+00 -6.84953e+00
0 -1.63141e+00 -6.85012e+00
0 -1.63141e+00 -6.85107e+00
0 -1.63141e+00 -6.85189e+00
0 -1.63141e+00 -6.85253e+00
0 -1.63141e+00 -6.84825e+00
0 -1.63141e+00 -6.84868e+00
0 -1.63141e+00 -6.84946e+00
0 -1.63141e+00 -6.84995e+00
0 -1.63141e+00 -6.85094e+00
0 -1.63141e+00 -6.84762e+00
0 -1.63141e+00 -6.84831e+00
0 -1.63141e+00 -6.84899e+00
0 -1.63141e+00 -6.84943e+00
0 -1.63141e+00 -6.84873e+00
0 -1.63141e+00 -6.84595e+00
0 -1.63141e+00 -6.84608e+00
0 -1.63141e+00 -6.84702e+00
0 -1.63141e+00 -6.84795e+00
0 -1.63141e+00 -6.84808e+00
0 -1.63141e+00 -6.84900e+00
0 -1.63141e+00 -6.84971e+00
0 -1.63141e+00 -6.85060e+00
0 -1.63141e+00 -6.85157e+00
0 -1.63141e+00 -6.85196e+00
0 -1.63141e+00 -6.84944e+00
0 -1.63141e+00 -6.85034e+00
0 -1.63141e+00 -6.84955e+00
0 -1.63141e+00 -6.84992e+00
0 -1.63141e+00 -6.85090e+00
