0 8.48701e+00 -6.27051e+00
0 8.48701e+00 -3.72057e+00
0 8.48701e+00 -4.00209e+00
0 8.48701e+00 -4.56876e+00
0 8.48701e+00 -4.47492e+00
0 8.48701e+00 -4.81817e+00
0 8.48701e+00 -5.09145e+00
0 8.48701e+00 -5.35507e+00
0 8.48701e+00 -5.49679e+00
0 8.48701e+00 -5.50959e+00
0 8.48701e+00 -5.28170e+00
0 8.48701e+00 -5.40592e+00
0 8.48701e+00 -4.81902e+00
0 8.48701e+00 -4.86770e+00
0 8.48701e+00 -5.00296e+00
0 8.48701e+00 -4.44196e+00
0 8.48701e+00 -4.56178e+00
0 8.48701e+00 -4.43441e+00
0 8.48701e+00 -4.54175e+00
0 8.48701e+00 -4.52889e+00
0 8.48701e+00 -4.37411e+00
0 8.48701e+00 -4.15415e+00
0 8.48701e+00 -3.94023e+00
0 8.48701e+00 -3.90920e+00
0 8.48701e+00 -3.78067e+00
0 8.48701e+00 -3.85358e+00
0 8.48701e+00 -3.71347e+00
0 8.48701e+00 -3.78572e+00
0 8.48701e+00 -3.70706e+00
0 8.48701e+00 -3.76065e+00
0 8.48701e+00 -3.80971e+00
0 8.48701e+00 -3.87269e+00
0 8.48701e+00 -3.81379e+00
0 8.48701e+00 -3.86887e+00
0 8.48701e+00 -3.92223e+00
0 8.48701e+00 -3.96561e+00
0 8.48701e+00 -4.01950e+00
0 8.48701e+00 -4.06513e+00
0 8.48701e+00 -3.91758e+00
0 8.48701e+00 -3.96725e+00
0 8.48701e+00 -4.01116e+00
0 8.48701e+00 -4.05886e+00
0 8.48701e+00 -4.05032e+00
0 8.48701e+00 -4.09527e+00
0 8.48701e+00 -3.99528e+00
0 8.48701e+00 -4.03884e+00
0 8.48701e+00 -4.07938e+00
0 8.48701e+00 -3.96724e+00
0 8.48701e+00 -4.00710e+00
0 8.48701e+00 -4.04688e+00
0 8.48701e+00 -4.08576e+00
0 8.48701e+00 -4.11466e+00
0 8.48701e+00 -4.14498e+00
0 8.48701e+00 -4.07559e+00
0 8.48701e+00 -4.10121e+00
0 8.48701e+00 -4.11395e+00
0 8.48701e+00 -4.04628e+00
0 8.48701e+00 -4.06571e+00
0 8.48701e+00 -4.09952e+00
0 8.48701e+00 -4.12929e+00
0 8.48701e+00 -4.16080e+00
0 8.48701e+00 -4.18566e+00
0 8.48701e+00 -4.13912e+00
0 8.48701e+00 -4.11635e+00
0 8.48701e+00 -4.06895e+00
0 8.48701e+00 -4.09298e+00
0 8.48701e+00 -4.12153e+00
0 8.48701e+00 -4.14972e+00
0 8.48701e+00 -4.07285e+00
0 8.48701e+00 -4.07605e+00
0 8.48701e+00 -4.07211e+00
0 8.48701e+00 -4.09031e+00
0 8.48701e+00 -4.08597e+00
0 8.48701e+00 -4.04170e+00
0 8.48701e+00 -4.03253e+00
0 8.48701e+00 -4.05717e+00
0 8.48701e+00 -4.08098e+00
0 8.48701e+00 -4.10500e+00
0 8.48701e+00 -4.11285e+00
0 8.48701e+00 -4.13513e+00
0 8.48701e+00 -4.07224e+00
0 8.48701e+00 -4.07291e+00
0 8.48701e+00 -4.08714e+00
0 8.48701e+00 -4.10415e+00
0 8.48701e+00 -4.11103e+00
0 8.48701e+00 -4.12440e+00
0 8.48701e+00 -4.13887e+00
0 8.48701e+00 -4.15274e+00
0 8.48701e+00 -4.17094e+00
0 8.48701e+00 -4.15590e+00
0 8.48701e+00 -4.17766e+00
0 8.48701e+00 -4.19828e+00
0 8.48701e+00 -4.14718e+00
0 8.48701e+00 -4.09093e+00
0 8.48701e+00 -4.11191e+00
0 8.48701e+00 -4.08962e+00
0 8.48701e+00 -4.10140e+00
0 8.48701e+00 -4.08100e+00
0 8.48701e+00 -4.09245e+00
0 8.48701e+00 -4.11148e+00
0 8.48701e+00 -4.11955e+00
0 8.48701e+00 -4.09189e+00
0 8.48701e+00 -4.04893e+00
0 8.48701e+00 -4.06816e+00
0 8.48701e+00 -4.08651e+00
0 8.48701e+00 -4.08959e+00
0 8.48701e+00 -4.04629e+00
0 8.48701e+00 -3.99953e+00
0 8.48701e+00 -4.01780e+00
0 8.48701e+00 -4.02450e+00
0 8.48701e+00 -4.04233e+00
0 8.48701e+00 -4.06003e+00
0 8.48701e+00 -4.06633e+00
0 8.48701e+00 -4.05646e+00
0 8.48701e+00 -4.07151e+00
0 8.48701e+00 -4.05047e+00
0 8.48701e+00 -4.06218e+00
0 8.48701e+00 -4.07694e+00
0 8.48701e+00 -4.08331e+00
0 8.48701e+00 -4.09847e+00
0 8.48701e+00 -4.10275e+00
0 8.48701e+00 -4.06542e+00
0 8.48701e+00 -4.07461e+00
0 8.48701e+00 -4.08746e+00
0 8.48701e+00 -4.09442e+00
0 8.48701e+00 -4.10959e+00
0 8.48701e+00 -4.09511e+00
0 8.48701e+00 -4.07678e+00
0 8.48701e+00 -4.05353e+00
0 8.48701e+00 -4.06755e+00
0 8.48701e+00 -4.04820e+00
0 8.48701e+00 -4.00306e+00
0 8.48701e+00 -4.01637e+00
0 8.48701e+00 -4.00805e+00
0 8.48701e+00 -3.97436e+00
0 8.48701e+00 -3.98815e+00
0 8.48701e+00 -4.00145e+00
0 8.48701e+00 -4.01573e+00
0 8.48701e+00 -3.98061e+00
0 8.48701e+00 -3.99199e+00
0 8.48701e+00 -3.96204e+00
0 8.48701e+00 -3.93690e+00
0 8.48701e+00 -3.93616e+00
0 8.48701e+00 -3.94146e+00
0 8.48701e+00 -3.93877e+00
0 8.48701e+00 -3.94949e+00
0 8.48701e+00 -3.96014e+00
0 8.48701e+00 -3.92878e+00
0 8.48701e+00 -3.94147e+00
0 8.48701e+00 -3.91874e+00
0 8.48701e+00 -3.93153e+00
0 8.48701e+00 -3.94443e+00
0 8.48701e+00 -3.95259e+00
0 8.48701e+00 -3.96419e+00
0 8.48701e+00 -3.97618e+00
0 8.48701e+00 -3.98825e+00
0 8.48701e+00 -3.97950e+00
0 8.48701e+00 -3.95527e+00
0 8.48701e+00 -3.96074e+00
0 8.48701e+00 -3.97191e+00
0 8.48701e+00 -3.97970e+00
0 8.48701e+00 -3.98470e+00
0 8.48701e+00 -3.95876e+00
0 8.48701e+00 -3.96967e+00
0 8.48701e+00 -3.94651e+00
0 8.48701e+00 -3.95852e+00
0 8.48701e+00 -3.93289e+00
0 8.48701e+00 -3.94381e+00
0 8.48701e+00 -3.95554e+00
0 8.48701e+00 -3.92363e+00
0 8.48701e+00 -3.93338e+00
0 8.48701e+00 -3.91732e+00
0 8.48701e+00 -3.92633e+00
0 8.48701e+00 -3.93107e+00
0 8.48701e+00 -3.93899e+00
0 8.48701e+00 -3.94423e+00
0 8.48701e+00 -3.95545e+00
0 8.48701e+00 -3.96496e+00
0 8.48701e+00 -3.97554e+00
0 8.48701e+00 -3.97688e+00
0 8.48701e+00 -3.96280e+00
0 8.48701e+00 -3.97298e+00
0 8.48701e+00 -3.94886e+00
0 8.48701e+00 -3.93698e+00
0 8.48701e+00 -3.94731e+00
0 8.48701e+00 -3.95755e+00
0 8.48701e+00 -3.93220e+00
0 8.48701e+00 -3.94217e+00
0 8.48701e+00 -3.91471e+00
0 8.48701e+00 -3.91027e+00
0 8.48701e+00 -3.88540e+00
0 8.48701e+00 -3.87317e+00
0 8.48701e+00 -3.88336e+00
0 8.48701e+00 -3.87967e+00
0 8.48701e+00 -3.88920e+00
0 8.48701e+00 -3.89778e+00
0 8.48701e+00 -3.90746e+00
0 8.48701e+00 -3.91519e+00
0 8.48701e+00 -3.92204e+00
0 8.48701e+00 -3.92925e+00
0 8.48701e+00 -3.91162e+00
0 8.48701e+00 -3.91915e+00
0 8.48701e+00 -3.92804e+00
0 8.48701e+00 -3.90109e+00
0 8.48701e+00 -3.91039e+00
0 8.48701e+00 -3.91409e+00
0 8.48701e+00 -3.91791e+00
0 8.48701e+00 -3.89629e+00
0 8.48701e+00 -3.90290e+00
0 8.48701e+00 -3.91201e+00
0 8.48701e+00 -3.92067e+00
0 8.48701e+00 -3.91772e+00
0 8.48701e+00 -3.92703e+00
0 8.48701e+00 -3.91039e+00
0 8.48701e+00 -3.91813e+00
0 8.48701e+00 -3.92433e+00
0 8.48701e+00 -3.90089e+00
0 8.48701e+00 -3.89788e+00
0 8.48701e+00 -3.88546e+00
0 8.48701e+00 -3.88159e+00
0 8.48701e+00 -3.87581e+00
0 8.48701e+00 -3.88473e+00
0 8.48701e+00 -3.89077e+00
0 8.48701e+00 -3.89953e+00
0 8.48701e+00 -3.90836e+00
0 8.48701e+00 -3.91677e+00
0 8.48701e+00 -3.91991e+00
0 8.48701e+00 -3.92327e+00
0 8.48701e+00 -3.91972e+00
0 8.48701e+00 -3.91969e+00
0 8.48701e+00 -3.92323e+00
0 8.48701e+00 -3.93087e+00
0 8.48701e+00 -3.93896e+00
0 8.48701e+00 -3.93709e+00
0 8.48701e+00 -3.93071e+00
0 8.48701e+00 -3.90777e+00
0 8.48701e+00 -3.89757e+00
0 8.48701e+00 -3.89905e+00
0 8.48701e+00 -3.90434e+00
0 8.48701e+00 -3.91207e+00
0 8.48701e+00 -3.91213e+00
0 8.48701e+00 -3.89671e+00
0 8.48701e+00 -3.90484e+00
0 8.48701e+00 -3.90339e+00
0 8.48701e+00 -3.91030e+00
0 8.48701e+00 -3.91795e+00
0 8.48701e+00 -3.90071e+00
0 8.48701e+00 -3.89384e+00
0 8.48701e+00 -3.88886e+00
0 8.48701e+00 -3.88687e+00
0 8.48701e+00 -3.88649e+00
0 8.48701e+00 -3.89340e+00
0 8.48701e+00 -3.90091e+00
0 8.48701e+00 -3.90865e+00
0 8.48701e+00 -3.91317e+00
0 8.48701e+00 -3.92024e+00
0 8.48701e+00 -3.92614e+00
0 8.48701e+00 -3.90600e+00
0 8.48701e+00 -3.91130e+00
0 8.48701e+00 -3.91762e+00
0 8.48701e+00 -3.90962e+00
0 8.48701e+00 -3.89776e+00
0 8.48701e+00 -3.90344e+00
0 8.48701e+00 -3.90944e+00
0 8.48701e+00 -3.91450e+00
0 8.48701e+00 -3.91451e+00
0 8.48701e+00 -3.92185e+00
0 8.48701e+00 -3.90542e+00
0 8.48701e+00 -3.91160e+00
0 8.48701e+00 -3.91326e+00
0 8.48701e+00 -3.90941e+00
0 8.48701e+00 -3.89768e+00
0 8.48701e+00 -3.90027e+00
0 8.48701e+00 -3.89913e+00
0 8.48701e+00 -3.90007e+00
0 8.48701e+00 -3.90727e+00
0 8.48701e+00 -3.89198e+00
0 8.48701e+00 -3.88171e+00
0 8.48701e+00 -3.87592e+00
0 8.48701e+00 -3.88004e+00
0 8.48701e+00 -3.88545e+00
0 8.48701e+00 -3.86935e+00
0 8.48701e+00 -3.86780e+00
0 8.48701e+00 -3.85779e+00
0 8.48701e+00 -3.86437e+00
0 8.48701e+00 -3.86687e+00
0 8.48701e+00 -3.86380e+00
0 8.48701e+00 -3.86888e+00
0 8.48701e+00 -3.85388e+00
0 8.48701e+00 -3.86075e+00
0 8.48701e+00 -3.84494e+00
0 8.48701e+00 -3.85129e+00
0 8.48701e+00 -3.85733e+00
0 8.48701e+00 -3.86408e+00
0 8.48701e+00 -3.86801e+00
0 8.48701e+00 -3.86990e+00
0 8.48701e+00 -3.86833e+00
0 8.48701e+00 -3.87487e+00
0 8.48701e+00 -3.87383e+00
0 8.48701e+00 -3.87792e+00
0 8.48701e+00 -3.88444e+00
0 8.48701e+00 -3.87306e+00
0 8.48701e+00 -3.86980e+00
0 8.48701e+00 -3.87437e+00
0 8.48701e+00 -3.87453e+00
0 8.48701e+00 -3.87732e+00
0 8.48701e+00 -3.88358e+00
0 8.48701e+00 -3.86702e+00
0 8.48701e+00 -3.86882e+00
0 8.48701e+00 -3.86970e+00
0 8.48701e+00 -3.87159e+00
0 8.48701e+00 -3.87782e+00
0 8.48701e+00 -3.87553e+00
0 8.48701e+00 -3.88176e+00
0 8.48701e+00 -3.87020e+00
0 8.48701e+00 -3.87646e+00
0 8.48701e+00 -3.87418e+00
0 8.48701e+00 -3.87943e+00
0 8.48701e+00 -3.88337e+00
0 8.48701e+00 -3.88923e+00
0 8.48701e+00 -3.87518e+00
0 8.48701e+00 -3.87891e+00
0 8.48701e+00 -3.88427e+00
0 8.48701e+00 -3.88962e+00
0 8.48701e+00 -3.89547e+00
0 8.48701e+00 -3.90115e+00
0 8.48701e+00 -3.90678e+00
0 8.48701e+00 -3.89378e+00
0 8.48701e+00 -3.89569e+00
0 8.48701e+00 -3.89813e+00
0 8.48701e+00 -3.90342e+00
0 8.48701e+00 -3.89611e+00
0 8.48701e+00 -3.89748e+00
0 8.48701e+00 -3.89891e+00
0 8.48701e+00 -3.89532e+00
0 8.48701e+00 -3.89899e+00
0 8.48701e+00 -3.90019e+00
0 8.48701e+00 -3.90563e+00
0 8.48701e+00 -3.89509e+00
0 8.48701e+00 -3.90038e+00
0 8.48701e+00 -3.88817e+00
0 8.48701e+00 -3.89364e+00
0 8.48701e+00 -3.89946e+00
0 8.48701e+00 -3.90505e+00
0 8.48701e+00 -3.90567e+00
0 8.48701e+00 -3.89544e+00
0 8.48701e+00 -3.89634e+00
0 8.48701e+00 -3.89729e+00
0 8.48701e+00 -3.90297e+00
0 8.48701e+00 -3.89864e+00
0 8.48701e+00 -3.88386e+00
0 8.48701e+00 -3.88750e+00
0 8.48701e+00 -3.88334e+00
0 8.48701e+00 -3.88735e+00
0 8.48701e+00 -3.89193e+00
0 8.48701e+00 -3.88826e+00
0 8.48701e+00 -3.89370e+00
0 8.48701e+00 -3.89908e+00
0 8.48701e+00 -3.90144e+00
0 8.48701e+00 -3.90665e+00
0 8.48701e+00 -3.89624e+00
0 8.48701e+00 -3.89735e+00
0 8.48701e+00 -3.90083e+00
0 8.48701e+00 -3.90614e+00
0 8.48701e+00 -3.91150e+00
0 8.48701e+00 -3.91622e+00
0 8.48701e+00 -3.92147e+00
0 8.48701e+00 -3.91256e+00
0 8.48701e+00 -3.91694e+00
0 8.48701e+00 -3.91594e+00
0 8.48701e+00 -3.91867e+00
0 8.48701e+00 -3.92399e+00
0 8.48701e+00 -3.92932e+00
0 8.48701e+00 -3.93160e+00
0 8.48701e+00 -3.91856e+00
0 8.48701e+00 -3.92344e+00
0 8.48701e+00 -3.92679e+00
0 8.48701e+00 -3.91217e+00
0 8.48701e+00 -3.90971e+00
0 8.48701e+00 -3.91354e+00
0 8.48701e+00 -3.91873e+00
0 8.48701e+00 -3.92384e+00
0 8.48701e+00 -3.92726e+00
0 8.48701e+00 -3.93169e+00
0 8.48701e+00 -3.93157e+00
0 8.48701e+00 -3.93673e+00
0 8.48701e+00 -3.94177e+00
0 8.48701e+00 -3.92993e+00
0 8.48701e+00 -3.92626e+00
0 8.48701e+00 -3.92578e+00
0 8.48701e+00 -3.93001e+00
0 8.48701e+00 -3.93425e+00
0 8.48701e+00 -3.93882e+00
0 8.48701e+00 -3.94318e+00
0 8.48701e+00 -3.93340e+00
0 8.48701e+00 -3.93677e+00
0 8.48701e+00 -3.93531e+00
0 8.48701e+00 -3.93874e+00
0 8.48701e+00 -3.93559e+00
0 8.48701e+00 -3.93984e+00
0 8.48701e+00 -3.94023e+00
0 8.48701e+00 -3.94438e+00
0 8.48701e+00 -3.94647e+00
0 8.48701e+00 -3.93354e+00
0 8.48701e+00 -3.93816e+00
0 8.48701e+00 -3.94228e+00
0 8.48701e+00 -3.94689e+00
0 8.48701e+00 -3.93904e+00
0 8.48701e+00 -3.93952e+00
0 8.48701e+00 -3.94416e+00
0 8.48701e+00 -3.94899e+00
0 8.48701e+00 -3.95375e+00
0 8.48701e+00 -3.95810e+00
0 8.48701e+00 -3.95826e+00
0 8.48701e+00 -3.95602e+00
0 8.48701e+00 -3.96035e+00
0 8.48701e+00 -3.96458e+00
0 8.48701e+00 -3.96088e+00
0 8.48701e+00 -3.96465e+00
0 8.48701e+00 -3.95262e+00
0 8.48701e+00 -3.94894e+00
0 8.48701e+00 -3.94732e+00
0 8.48701e+00 -3.94962e+00
0 8.48701e+00 -3.93751e+00
0 8.48701e+00 -3.94215e+00
0 8.48701e+00 -3.93064e+00
0 8.48701e+00 -3.93521e+00
0 8.48701e+00 -3.93907e+00
0 8.48701e+00 -3.94161e+00
0 8.48701e+00 -3.94621e+00
0 8.48701e+00 -3.94374e+00
0 8.48701e+00 -3.94588e+00
0 8.48701e+00 -3.95028e+00
0 8.48701e+00 -3.95378e+00
0 8.48701e+00 -3.94498e+00
0 8.48701e+00 -3.94519e+00
0 8.48701e+00 -3.94540e+00
0 8.48701e+00 -3.93502e+00
0 8.48701e+00 -3.93708e+00
0 8.48701e+00 -3.94049e+00
0 8.48701e+00 -3.93048e+00
0 8.48701e+00 -3.93498e+00
0 8.48701e+00 -3.92932e+00
0 8.48701e+00 -3.93365e+00
0 8.48701e+00 -3.93213e+00
0 8.48701e+00 -3.93048e+00
0 8.48701e+00 -3.92539e+00
0 8.48701e+00 -3.92011e+00
0 8.48701e+00 -3.92397e+00
0 8.48701e+00 -3.92803e+00
0 8.48701e+00 -3.93241e+00
0 8.48701e+00 -3.93576e+00
0 8.48701e+00 -3.93966e+00
0 8.48701e+00 -3.93268e+00
0 8.48701e+00 -3.92084e+00
0 8.48701e+00 -3.91665e+00
0 8.48701e+00 -3.91744e+00
0 8.48701e+00 -3.90690e+00
0 8.48701e+00 -3.89940e+00
0 8.48701e+00 -3.89366e+00
0 8.48701e+00 -3.89765e+00
0 8.48701e+00 -3.90144e+00
0 8.48701e+00 -3.89825e+00
0 8.48701e+00 -3.90197e+00
0 8.48701e+00 -3.89169e+00
0 8.48701e+00 -3.89397e+00
0 8.48701e+00 -3.88638e+00
0 8.48701e+00 -3.88049e+00
0 8.48701e+00 -3.88386e+00
0 8.48701e+00 -3.88760e+00
0 8.48701e+00 -3.88565e+00
0 8.48701e+00 -3.88541e+00
0 8.48701e+00 -3.88846e+00
0 8.48701e+00 -3.89131e+00
0 8.48701e+00 -3.89550e+00
0 8.48701e+00 -3.88596e+00
0 8.48701e+00 -3.87885e+00
0 8.48701e+00 -3.88292e+00
0 8.48701e+00 -3.88583e+00
0 8.48701e+00 -3.88933e+00
0 8.48701e+00 -3.88907e+00
0 8.48701e+00 -3.89318e+00
0 8.48701e+00 -3.88299e+00
0 8.48701e+00 -3.88031e+00
0 8.48701e+00 -3.88114e+00
0 8.48701e+00 -3.87033e+00
0 8.48701e+00 -3.86681e+00
0 8.48701e+00 -3.86899e+00
0 8.48701e+00 -3.87283e+00
0 8.48701e+00 -3.87388e+00
0 8.48701e+00 -3.87701e+00
0 8.48701e+00 -3.88006e+00
0 8.48701e+00 -3.88308e+00
0 8.48701e+00 -3.88710e+00
0 8.48701e+00 -3.88620e+00
0 8.48701e+00 -3.89021e+00
0 8.48701e+00 -3.89384e+00
0 8.48701e+00 -3.89631e+00
0 8.48701e+00 -3.89993e+00
0 8.48701e+00 -3.90329e+00
0 8.48701e+00 -3.89932e+00
0 8.48701e+00 -3.90245e+00
0 8.48701e+00 -3.89162e+00
0 8.48701e+00 -3.89520e+00
0 8.48701e+00 -3.89550e+00
0 8.48701e+00 -3.89726e+00
0 8.48701e+00 -3.89238e+00
0 8.48701e+00 -3.89503e+00
0 8.48701e+00 -3.89871e+00
0 8.48701e+00 -3.90259e+00
0 8.48701e+00 -3.90621e+00
0 8.48701e+00 -3.90986e+00
0 8.48701e+00 -3.91355e+00
0 8.48701e+00 -3.91629e+00
0 8.48701e+00 -3.90958e+00
0 8.48701e+00 -3.91335e+00
0 8.48701e+00 -3.91515e+00
0 8.48701e+00 -3.90780e+00
0 8.48701e+00 -3.90999e+00
0 8.48701e+00 -3.91381e+00
0 8.48701e+00 -3.91332e+00
0 8.48701e+00 -3.90453e+00
0 8.48701e+00 -3.90684e+00
0 8.48701e+00 -3.91031e+00
0 8.48701e+00 -3.91401e+00
0 8.48701e+00 -3.91772e+00
0 8.48701e+00 -3.92150e+00
0 8.48701e+00 -3.91936e+00
0 8.48701e+00 -3.91687e+00
0 8.48701e+00 -3.91983e+00
0 8.48701e+00 -3.92125e+00
0 8.48701e+00 -3.92224e+00
0 8.48701e+00 -3.91278e+00
0 8.48701e+00 -3.90935e+00
0 8.48701e+00 -3.90198e+00
0 8.48701e+00 -3.90538e+00
0 8.48701e+00 -3.89608e+00
0 8.48701e+00 -3.89942e+00
0 8.48701e+00 -3.89671e+00
0 8.48701e+00 -3.89990e+00
0 8.48701e+00 -3.90238e+00
0 8.48701e+00 -3.90550e+00
0 8.48701e+00 -3.90117e+00
0 8.48701e+00 -3.89890e+00
0 8.48701e+00 -3.90145e+00
0 8.48701e+00 -3.89155e+00
0 8.48701e+00 -3.88791e+00
0 8.48701e+00 -3.88215e+00
0 8.48701e+00 -3.88175e+00
0 8.48701e+00 -3.88476e+00
0 8.48701e+00 -3.88275e+00
0 8.48701e+00 -3.87878e+00
0 8.48701e+00 -3.87234e+00
0 8.48701e+00 -3.87568e+00
0 8.48701e+00 -3.86696e+00
0 8.48701e+00 -3.86689e+00
0 8.48701e+00 -3.85836e+00
0 8.48701e+00 -3.86191e+00
0 8.48701e+00 -3.86521e+00
0 8.48701e+00 -3.86789e+00
0 8.48701e+00 -3.86943e+00
0 8.48701e+00 -3.86332e+00
0 8.48701e+00 -3.86466e+00
0 8.48701e+00 -3.86350e+00
0 8.48701e+00 -3.86487e+00
0 8.48701e+00 -3.86013e+00
0 8.48701e+00 -3.86297e+00
0 8.48701e+00 -3.86540e+00
0 8.48701e+00 -3.86210e+00
0 8.48701e+00 -3.85282e+00
0 8.48701e+00 -3.85141e+00
0 8.48701e+00 -3.84597e+00
0 8.48701e+00 -3.84941e+00
0 8.48701e+00 -3.85281e+00
0 8.48701e+00 -3.84885e+00
0 8.48701e+00 -3.84038e+00
0 8.48701e+00 -3.83700e+00
0 8.48701e+00 -3.83970e+00
0 8.48701e+00 -3.84168e+00
0 8.48701e+00 -3.84328e+00
0 8.48701e+00 -3.84204e+00
0 8.48701e+00 -3.83453e+00
0 8.48701e+00 -3.83653e+00
0 8.48701e+00 -3.82746e+00
0 8.48701e+00 -3.82239e+00
0 8.48701e+00 -3.81954e+00
0 8.48701e+00 -3.81096e+00
0 8.48701e+00 -3.81315e+00
0 8.48701e+00 -3.81170e+00
0 8.48701e+00 -3.81496e+00
0 8.48701e+00 -3.81691e+00
0 8.48701e+00 -3.81679e+00
0 8.48701e+00 -3.81786e+00
0 8.48701e+00 -3.81060e+00
0 8.48701e+00 -3.81249e+00
0 8.48701e+00 -3.80446e+00
0 8.48701e+00 -3.80326e+00
0 8.48701e+00 -3.80600e+00
0 8.48701e+00 -3.80747e+00
0 8.48701e+00 -3.80990e+00
0 8.48701e+00 -3.80892e+00
0 8.48701e+00 -3.81055e+00
0 8.48701e+00 -3.81336e+00
0 8.48701e+00 -3.81623e+00
0 8.48701e+00 -3.81207e+00
0 8.48701e+00 -3.81137e+00
0 8.48701e+00 -3.81023e+00
0 8.48701e+00 -3.81350e+00
0 8.48701e+00 -3.81094e+00
0 8.48701e+00 -3.81407e+00
0 8.48701e+00 -3.81233e+00
0 8.48701e+00 -3.81529e+00
0 8.48701e+00 -3.80937e+00
0 8.48701e+00 -3.80904e+00
0 8.48701e+00 -3.80277e+00
0 8.48701e+00 -3.80567e+00
0 8.48701e+00 -3.80888e+00
0 8.48701e+00 -3.81074e+00
0 8.48701e+00 -3.80495e+00
0 8.48701e+00 -3.80721e+00
0 8.48701e+00 -3.80673e+00
0 8.48701e+00 -3.80871e+00
0 8.48701e+00 -3.81153e+00
0 8.48701e+00 -3.81149e+00
0 8.48701e+00 -3.81397e+00
0 8.48701e+00 -3.81716e+00
0 8.48701e+00 -3.81962e+00
0 8.48701e+00 -3.82263e+00
0 8.48701e+00 -3.82580e+00
0 8.48701e+00 -3.82890e+00
0 8.48701e+00 -3.83189e+00
0 8.48701e+00 -3.83469e+00
0 8.48701e+00 -3.83729e+00
0 8.48701e+00 -3.83854e+00
0 8.48701e+00 -3.83920e+00
0 8.48701e+00 -3.83572e+00
0 8.48701e+00 -3.83314e+00
0 8.48701e+00 -3.83609e+00
0 8.48701e+00 -3.83580e+00
0 8.48701e+00 -3.83147e+00
0 8.48701e+00 -3.82487e+00
0 8.48701e+00 -3.82750e+00
0 8.48701e+00 -3.82918e+00
0 8.48701e+00 -3.83209e+00
0 8.48701e+00 -3.82713e+00
0 8.48701e+00 -3.82704e+00
0 8.48701e+00 -3.82695e+00
0 8.48701e+00 -3.82880e+00
0 8.48701e+00 -3.82275e+00
0 8.48701e+00 -3.82340e+00
0 8.48701e+00 -3.82160e+00
0 8.48701e+00 -3.82363e+00
0 8.48701e+00 -3.82586e+00
0 8.48701e+00 -3.81870e+00
0 8.48701e+00 -3.81491e+00
0 8.48701e+00 -3.81503e+00
0 8.48701e+00 -3.81445e+00
0 8.48701e+00 -3.81622e+00
0 8.48701e+00 -3.81920e+00
0 8.48701e+00 -3.82202e+00
0 8.48701e+00 -3.82424e+00
0 8.48701e+00 -3.82666e+00
0 8.48701e+00 -3.82894e+00
0 8.48701e+00 -3.82586e+00
0 8.48701e+00 -3.82713e+00
0 8.48701e+00 -3.82465e+00
0 8.48701e+00 -3.82755e+00
0 8.48701e+00 -3.83033e+00
0 8.48701e+00 -3.83293e+00
0 8.48701e+00 -3.82507e+00
0 8.48701e+00 -3.82480e+00
0 8.48701e+00 -3.82570e+00
0 8.48701e+00 -3.82631e+00
0 8.48701e+00 -3.82925e+00
0 8.48701e+00 -3.83215e+00
0 8.48701e+00 -3.83509e+00
0 8.48701e+00 -3.83787e+00
0 8.48701e+00 -3.83985e+00
0 8.48701e+00 -3.83316e+00
0 8.48701e+00 -3.83104e+00
0 8.48701e+00 -3.82504e+00
0 8.48701e+00 -3.82796e+00
0 8.48701e+00 -3.82928e+00
0 8.48701e+00 -3.83201e+00
0 8.48701e+00 -3.83345e+00
0 8.48701e+00 -3.83600e+00
0 8.48701e+00 -3.83688e+00
0 8.48701e+00 -3.83755e+00
0 8.48701e+00 -3.84039e+00
0 8.48701e+00 -3.83484e+00
0 8.48701e+00 -3.83614e+00
0 8.48701e+00 -3.83743e+00
0 8.48701e+00 -3.83509e+00
0 8.48701e+00 -3.83598e+00
0 8.48701e+00 -3.83631e+00
0 8.48701e+00 -3.83709e+00
0 8.48701e+00 -3.83762e+00
0 8.48701e+00 -3.84027e+00
0 8.48701e+00 -3.84272e+00
0 8.48701e+00 -3.84138e+00
0 8.48701e+00 -3.84190e+00
0 8.48701e+00 -3.83554e+00
0 8.48701e+00 -3.83311e+00
0 8.48701e+00 -3.83569e+00
0 8.48701e+00 -3.83199e+00
0 8.48701e+00 -3.83327e+00
0 8.48701e+00 -3.83512e+00
0 8.48701e+00 -3.83663e+00
0 8.48701e+00 -3.83587e+00
0 8.48701e+00 -3.83731e+00
0 8.48701e+00 -3.83401e+00
0 8.48701e+00 -3.83597e+00
0 8.48701e+00 -3.82971e+00
0 8.48701e+00 -3.82326e+00
0 8.48701e+00 -3.82426e+00
0 8.48701e+00 -3.82553e+00
0 8.48701e+00 -3.82808e+00
0 8.48701e+00 -3.82963e+00
0 8.48701e+00 -3.82608e+00
0 8.48701e+00 -3.82687e+00
0 8.48701e+00 -3.82958e+00
0 8.48701e+00 -3.82574e+00
0 8.48701e+00 -3.81967e+00
0 8.48701e+00 -3.81703e+00
0 8.48701e+00 -3.81652e+00
0 8.48701e+00 -3.81756e+00
0 8.48701e+00 -3.82017e+00
0 8.48701e+00 -3.82289e+00
0 8.48701e+00 -3.82559e+00
0 8.48701e+00 -3.82790e+00
0 8.48701e+00 -3.83001e+00
0 8.48701e+00 -3.83235e+00
0 8.48701e+00 -3.83049e+00
0 8.48701e+00 -3.82776e+00
0 8.48701e+00 -3.82158e+00
0 8.48701e+00 -3.82341e+00
0 8.48701e+00 -3.82598e+00
0 8.48701e+00 -3.82804e+00
0 8.48701e+00 -3.82820e+00
0 8.48701e+00 -3.82768e+00
0 8.48701e+00 -3.82475e+00
0 8.48701e+00 -3.82702e+00
0 8.48701e+00 -3.82905e+00
0 8.48701e+00 -3.82960e+00
0 8.48701e+00 -3.82954e+00
0 8.48701e+00 -3.83135e+00
0 8.48701e+00 -3.83358e+00
0 8.48701e+00 -3.82680e+00
0 8.48701e+00 -3.82907e+00
0 8.48701e+00 -3.82407e+00
0 8.48701e+00 -3.82581e+00
0 8.48701e+00 -3.82754e+00
0 8.48701e+00 -3.83016e+00
0 8.48701e+00 -3.83064e+00
0 8.48701e+00 -3.83242e+00
0 8.48701e+00 -3.83451e+00
0 8.48701e+00 -3.83642e+00
0 8.48701e+00 -3.83835e+00
0 8.48701e+00 -3.83835e+00
0 8.48701e+00 -3.83552e+00
0 8.48701e+00 -3.83496e+00
0 8.48701e+00 -3.83666e+00
0 8.48701e+00 -3.83881e+00
0 8.48701e+00 -3.84140e+00
0 8.48701e+00 -3.84259e+00
0 8.48701e+00 -3.84492e+00
0 8.48701e+00 -3.84654e+00
0 8.48701e+00 -3.84660e+00
0 8.48701e+00 -3.84349e+00
0 8.48701e+00 -3.83891e+00
0 8.48701e+00 -3.83895e+00
0 8.48701e+00 -3.84126e+00
0 8.48701e+00 -3.84379e+00
0 8.48701e+00 -3.84618e+00
0 8.48701e+00 -3.84052e+00
0 8.48701e+00 -3.84033e+00
0 8.48701e+00 -3.84278e+00
0 8.48701e+00 -3.84482e+00
0 8.48701e+00 -3.84669e+00
0 8.48701e+00 -3.84720e+00
0 8.48701e+00 -3.84888e+00
0 8.48701e+00 -3.84603e+00
0 8.48701e+00 -3.84764e+00
0 8.48701e+00 -3.84451e+00
0 8.48701e+00 -3.84607e+00
0 8.48701e+00 -3.84844e+00
0 8.48701e+00 -3.84988e+00
0 8.48701e+00 -3.85169e+00
0 8.48701e+00 -3.85141e+00
0 8.48701e+00 -3.85389e+00
0 8.48701e+00 -3.84865e+00
0 8.48701e+00 -3.85108e+00
0 8.48701e+00 -3.85352e+00
0 8.48701e+00 -3.85481e+00
0 8.48701e+00 -3.85674e+00
0 8.48701e+00 -3.85873e+00
0 8.48701e+00 -3.86117e+00
0 8.48701e+00 -3.86315e+00
0 8.48701e+00 -3.86000e+00
0 8.48701e+00 -3.86245e+00
0 8.48701e+00 -3.86492e+00
0 8.48701e+00 -3.86511e+00
0 8.48701e+00 -3.86743e+00
0 8.48701e+00 -3.86930e+00
0 8.48701e+00 -3.86834e+00
0 8.48701e+00 -3.87068e+00
0 8.48701e+00 -3.86464e+00
0 8.48701e+00 -3.86239e+00
0 8.48701e+00 -3.86376e+00
0 8.48701e+00 -3.86282e+00
0 8.48701e+00 -3.86298e+00
0 8.48701e+00 -3.86365e+00
0 8.48701e+00 -3.86326e+00
0 8.48701e+00 -3.86562e+00
0 8.48701e+00 -3.86733e+00
0 8.48701e+00 -3.86647e+00
0 8.48701e+00 -3.86583e+00
0 8.48701e+00 -3.86155e+00
0 8.48701e+00 -3.85574e+00
0 8.48701e+00 -3.85250e+00
0 8.48701e+00 -3.85311e+00
0 8.48701e+00 -3.85499e+00
0 8.48701e+00 -3.85714e+00
0 8.48701e+00 -3.85726e+00
0 8.48701e+00 -3.85334e+00
0 8.48701e+00 -3.85570e+00
0 8.48701e+00 -3.85778e+00
0 8.48701e+00 -3.85801e+00
0 8.48701e+00 -3.85314e+00
0 8.48701e+00 -3.85512e+00
0 8.48701e+00 -3.85504e+00
0 8.48701e+00 -3.85719e+00
0 8.48701e+00 -3.85949e+00
0 8.48701e+00 -3.86162e+00
0 8.48701e+00 -3.86285e+00
0 8.48701e+00 -3.86112e+00
0 8.48701e+00 -3.86265e+00
0 8.48701e+00 -3.86172e+00
0 8.48701e+00 -3.86371e+00
0 8.48701e+00 -3.85861e+00
0 8.48701e+00 -3.86045e+00
0 8.48701e+00 -3.86251e+00
0 8.48701e+00 -3.86163e+00
0 8.48701e+00 -3.86399e+00
0 8.48701e+00 -3.86510e+00
0 8.48701e+00 -3.86355e+00
0 8.48701e+00 -3.86266e+00
0 8.48701e+00 -3.86492e+00
0 8.48701e+00 -3.86572e+00
0 8.48701e+00 -3.86805e+00
0 8.48701e+00 -3.86861e+00
0 8.48701e+00 -3.86840e+00
0 8.48701e+00 -3.87020e+00
0 8.48701e+00 -3.87245e+00
0 8.48701e+00 -3.87477e+00
0 8.48701e+00 -3.87506e+00
0 8.48701e+00 -3.87590e+00
0 8.48701e+00 -3.87426e+00
0 8.48701e+00 -3.87578e+00
0 8.48701e+00 -3.87590e+00
0 8.48701e+00 -3.87433e+00
0 8.48701e+00 -3.87615e+00
0 8.48701e+00 -3.87845e+00
0 8.48701e+00 -3.88050e+00
0 8.48701e+00 -3.88180e+00
0 8.48701e+00 -3.88356e+00
0 8.48701e+00 -3.88514e+00
0 8.48701e+00 -3.88702e+00
0 8.48701e+00 -3.88805e+00
0 8.48701e+00 -3.88522e+00
0 8.48701e+00 -3.88726e+00
0 8.48701e+00 -3.88923e+00
0 8.48701e+00 -3.88901e+00
0 8.48701e+00 -3.88842e+00
0 8.48701e+00 -3.88465e+00
0 8.48701e+00 -3.88645e+00
0 8.48701e+00 -3.88864e+00
0 8.48701e+00 -3.88811e+00
0 8.48701e+00 -3.89020e+00
0 8.48701e+00 -3.88746e+00
0 8.48701e+00 -3.88926e+00
0 8.48701e+00 -3.88738e+00
0 8.48701e+00 -3.88922e+00
0 8.48701e+00 -3.88967e+00
0 8.48701e+00 -3.88893e+00
0 8.48701e+00 -3.89117e+00
0 8.48701e+00 -3.88897e+00
0 8.48701e+00 -3.89104e+00
0 8.48701e+00 -3.89292e+00
0 8.48701e+00 -3.89516e+00
0 8.48701e+00 -3.89534e+00
0 8.48701e+00 -3.88985e+00
0 8.48701e+00 -3.88560e+00
0 8.48701e+00 -3.88524e+00
0 8.48701e+00 -3.88598e+00
0 8.48701e+00 -3.88169e+00
0 8.48701e+00 -3.88294e+00
0 8.48701e+00 -3.88255e+00
0 8.48701e+00 -3.88428e+00
0 8.48701e+00 -3.88554e+00
0 8.48701e+00 -3.88750e+00
0 8.48701e+00 -3.88905e+00
0 8.48701e+00 -3.88705e+00
0 8.48701e+00 -3.88918e+00
0 8.48701e+00 -3.88601e+00
0 8.48701e+00 -3.88151e+00
0 8.48701e+00 -3.87806e+00
0 8.48701e+00 -3.88025e+00
0 8.48701e+00 -3.88233e+00
0 8.48701e+00 -3.88380e+00
0 8.48701e+00 -3.88584e+00
0 8.48701e+00 -3.88121e+00
0 8.48701e+00 -3.88269e+00
0 8.48701e+00 -3.88211e+00
0 8.48701e+00 -3.88423e+00
0 8.48701e+00 -3.87919e+00
0 8.48701e+00 -3.87973e+00
0 8.48701e+00 -3.87787e+00
0 8.48701e+00 -3.87654e+00
0 8.48701e+00 -3.87863e+00
0 8.48701e+00 -3.88032e+00
0 8.48701e+00 -3.88245e+00
0 8.48701e+00 -3.88455e+00
0 8.48701e+00 -3.88669e+00
0 8.48701e+00 -3.88500e+00
0 8.48701e+00 -3.88427e+00
0 8.48701e+00 -3.88510e+00
0 8.48701e+00 -3.88702e+00
0 8.48701e+00 -3.88325e+00
0 8.48701e+00 -3.87956e+00
0 8.48701e+00 -3.88122e+00
0 8.48701e+00 -3.88204e+00
0 8.48701e+00 -3.88346e+00
0 8.48701e+00 -3.88032e+00
0 8.48701e+00 -3.88228e+00
0 8.48701e+00 -3.87824e+00
0 8.48701e+00 -3.88007e+00
0 8.48701e+00 -3.88108e+00
0 8.48701e+00 -3.88197e+00
0 8.48701e+00 -3.88409e+00
0 8.48701e+00 -3.88619e+00
0 8.48701e+00 -3.88740e+00
0 8.48701e+00 -3.88950e+00
0 8.48701e+00 -3.89065e+00
0 8.48701e+00 -3.89008e+00
0 8.48701e+00 -3.88902e+00
0 8.48701e+00 -3.88509e+00
0 8.48701e+00 -3.88718e+00
0 8.48701e+00 -3.88229e+00
0 8.48701e+00 -3.88439e+00
0 8.48701e+00 -3.88593e+00
0 8.48701e+00 -3.88631e+00
0 8.48701e+00 -3.88829e+00
0 8.48701e+00 -3.89037e+00
0 8.48701e+00 -3.89228e+00
0 8.48701e+00 -3.89306e+00
0 8.48701e+00 -3.89439e+00
0 8.48701e+00 -3.89563e+00
0 8.48701e+00 -3.89770e+00
0 8.48701e+00 -3.89857e+00
0 8.48701e+00 -3.90047e+00
0 8.48701e+00 -3.89793e+00
0 8.48701e+00 -3.89249e+00
0 8.48701e+00 -3.89233e+00
0 8.48701e+00 -3.89382e+00
0 8.48701e+00 -3.89174e+00
0 8.48701e+00 -3.89378e+00
0 8.48701e+00 -3.89447e+00
0 8.48701e+00 -3.89608e+00
0 8.48701e+00 -3.89301e+00
0 8.48701e+00 -3.89096e+00
0 8.48701e+00 -3.89198e+00
0 8.48701e+00 -3.88962e+00
0 8.48701e+00 -3.88735e+00
0 8.48701e+00 -3.88907e+00
0 8.48701e+00 -3.88759e+00
0 8.48701e+00 -3.88910e+00
0 8.48701e+00 -3.88686e+00
0 8.48701e+00 -3.88859e+00
0 8.48701e+00 -3.88381e+00
0 8.48701e+00 -3.88582e+00
0 8.48701e+00 -3.88636e+00
0 8.48701e+00 -3.88284e+00
0 8.48701e+00 -3.88089e+00
0 8.48701e+00 -3.88291e+00
0 8.48701e+00 -3.88170e+00
0 8.48701e+00 -3.87812e+00
0 8.48701e+00 -3.87439e+00
0 8.48701e+00 -3.87508e+00
0 8.48701e+00 -3.87652e+00
0 8.48701e+00 -3.87840e+00
0 8.48701e+00 -3.87553e+00
0 8.48701e+00 -3.87567e+00
0 8.48701e+00 -3.87733e+00
0 8.48701e+00 -3.87876e+00
0 8.48701e+00 -3.87866e+00
0 8.48701e+00 -3.87971e+00
0 8.48701e+00 -3.87445e+00
0 8.48701e+00 -3.87644e+00
0 8.48701e+00 -3.87576e+00
0 8.48701e+00 -3.87554e+00
0 8.48701e+00 -3.87129e+00
0 8.48701e+00 -3.87315e+00
0 8.48701e+00 -3.87508e+00
0 8.48701e+00 -3.87706e+00
0 8.48701e+00 -3.87852e+00
0 8.48701e+00 -3.87622e+00
0 8.48701e+00 -3.87796e+00
0 8.48701e+00 -3.87892e+00
0 8.48701e+00 -3.87778e+00
0 8.48701e+00 -3.87253e+00
0 8.48701e+00 -3.87232e+00
0 8.48701e+00 -3.87427e+00
0 8.48701e+00 -3.87521e+00
0 8.48701e+00 -3.87649e+00
0 8.48701e+00 -3.87375e+00
0 8.48701e+00 -3.87343e+00
0 8.48701e+00 -3.87192e+00
0 8.48701e+00 -3.87196e+00
0 8.48701e+00 -3.87375e+00
0 8.48701e+00 -3.87471e+00
0 8.48701e+00 -3.86947e+00
0 8.48701e+00 -3.86421e+00
0 8.48701e+00 -3.86075e+00
0 8.48701e+00 -3.86238e+00
0 8.48701e+00 -3.86403e+00
0 8.48701e+00 -3.85949e+00
0 8.48701e+00 -3.86023e+00
0 8.48701e+00 -3.85928e+00
0 8.48701e+00 -3.85931e+00
0 8.48701e+00 -3.86000e+00
0 8.48701e+00 -3.86190e+00
0 8.48701e+00 -3.86269e+00
0 8.48701e+00 -3.86415e+00
0 8.48701e+00 -3.86468e+00
0 8.48701e+00 -3.86607e+00
0 8.48701e+00 -3.86127e+00
0 8.48701e+00 -3.86314e+00
0 8.48701e+00 -3.85793e+00
0 8.48701e+00 -3.85925e+00
0 8.48701e+00 -3.85530e+00
0 8.48701e+00 -3.85667e+00
0 8.48701e+00 -3.85748e+00
0 8.48701e+00 -3.85694e+00
0 8.48701e+00 -3.85645e+00
0 8.48701e+00 -3.85318e+00
0 8.48701e+00 -3.85394e+00
0 8.48701e+00 -3.85397e+00
0 8.48701e+00 -3.85093e+00
0 8.48701e+00 -3.85183e+00
0 8.48701e+00 -3.85371e+00
0 8.48701e+00 -3.84883e+00
0 8.48701e+00 -3.84845e+00
0 8.48701e+00 -3.84720e+00
0 8.48701e+00 -3.84635e+00
0 8.48701e+00 -3.84355e+00
0 8.48701e+00 -3.84526e+00
0 8.48701e+00 -3.84583e+00
0 8.48701e+00 -3.84770e+00
0 8.48701e+00 -3.84777e+00
0 8.48701e+00 -3.84960e+00
0 8.48701e+00 -3.84932e+00
0 8.48701e+00 -3.84799e+00
0 8.48701e+00 -3.84740e+00
0 8.48701e+00 -3.84587e+00
0 8.48701e+00 -3.84705e+00
0 8.48701e+00 -3.84428e+00
0 8.48701e+00 -3.84591e+00
0 8.48701e+00 -3.84515e+00
0 8.48701e+00 -3.84611e+00
0 8.48701e+00 -3.84689e+00
0 8.48701e+00 -3.84723e+00
0 8.48701e+00 -3.84833e+00
0 8.48701e+00 -3.84929e+00
0 8.48701e+00 -3.85032e+00
0 8.48701e+00 -3.84778e+00
0 8.48701e+00 -3.84719e+00
0 8.48701e+00 -3.84881e+00
0 8.48701e+00 -3.85021e+00
0 8.48701e+00 -3.85164e+00
0 8.48701e+00 -3.85020e+00
0 8.48701e+00 -3.84895e+00
0 8.48701e+00 -3.85076e+00
0 8.48701e+00 -3.85246e+00
0 8.48701e+00 -3.85427e+00
0 8.48701e+00 -3.85593e+00
0 8.48701e+00 -3.85505e+00
0 8.48701e+00 -3.85416e+00
0 8.48701e+00 -3.85583e+00
0 8.48701e+00 -3.85758e+00
0 8.48701e+00 -3.85773e+00
0 8.48701e+00 -3.85714e+00
0 8.48701e+00 -3.85894e+00
0 8.48701e+00 -3.86011e+00
0 8.48701e+00 -3.86114e+00
0 8.48701e+00 -3.86112e+00
0 8.48701e+00 -3.86281e+00
0 8.48701e+00 -3.86149e+00
0 8.48701e+00 -3.86329e+00
0 8.48701e+00 -3.86509e+00
0 8.48701e+00 -3.86621e+00
0 8.48701e+00 -3.86799e+00
0 8.48701e+00 -3.86621e+00
0 8.48701e+00 -3.86774e+00
0 8.48701e+00 -3.86954e+00
0 8.48701e+00 -3.86899e+00
0 8.48701e+00 -3.87049e+00
0 8.48701e+00 -3.87162e+00
0 8.48701e+00 -3.86714e+00
0 8.48701e+00 -3.86820e+00
0 8.48701e+00 -3.86980e+00
0 8.48701e+00 -3.86959e+00
0 8.48701e+00 -3.87129e+00
0 8.48701e+00 -3.86911e+00
0 8.48701e+00 -3.86646e+00
0 8.48701e+00 -3.86256e+00
0 8.48701e+00 -3.86399e+00
0 8.48701e+00 -3.86474e+00
0 8.48701e+00 -3.86597e+00
0 8.48701e+00 -3.86771e+00
0 8.48701e+00 -3.86935e+00
0 8.48701e+00 -3.87112e+00
0 8.48701e+00 -3.87275e+00
0 8.48701e+00 -3.87284e+00
0 8.48701e+00 -3.86912e+00
0 8.48701e+00 -3.86973e+00
0 8.48701e+00 -3.87146e+00
0 8.48701e+00 -3.87118e+00
0 8.48701e+00 -3.87229e+00
0 8.48701e+00 -3.87230e+00
0 8.48701e+00 -3.87398e+00
0 8.48701e+00 -3.87564e+00
0 8.48701e+00 -3.87663e+00
0 8.48701e+00 -3.87741e+00
0 8.48701e+00 -3.87387e+00
0 8.48701e+00 -3.87438e+00
0 8.48701e+00 -3.87594e+00
0 8.48701e+00 -3.87765e+00
0 8.48701e+00 -3.87865e+00
0 8.48701e+00 -3.87970e+00
0 8.48701e+00 -3.88143e+00
0 8.48701e+00 -3.88050e+00
0 8.48701e+00 -3.88221e+00
0 8.48701e+00 -3.88276e+00
0 8.48701e+00 -3.88418e+00
0 8.48701e+00 -3.88317e+00
0 8.48701e+00 -3.88470e+00
0 8.48701e+00 -3.87997e+00
0 8.48701e+00 -3.88163e+00
0 8.48701e+00 -3.88333e+00
0 8.48701e+00 -3.88454e+00
0 8.48701e+00 -3.88623e+00
0 8.48701e+00 -3.88780e+00
0 8.48701e+00 -3.88377e+00
0 8.48701e+00 -3.88304e+00
0 8.48701e+00 -3.88463e+00
0 8.48701e+00 -3.88571e+00
0 8.48701e+00 -3.88574e+00
0 8.48701e+00 -3.88742e+00
0 8.48701e+00 -3.88839e+00
0 8.48701e+00 -3.89006e+00
0 8.48701e+00 -3.89167e+00
0 8.48701e+00 -3.89319e+00
0 8.48701e+00 -3.89469e+00
0 8.48701e+00 -3.89555e+00
0 8.48701e+00 -3.89724e+00
0 8.48701e+00 -3.89673e+00
0 8.48701e+00 -3.89839e+00
0 8.48701e+00 -3.89753e+00
0 8.48701e+00 -3.89582e+00
0 8.48701e+00 -3.89749e+00
0 8.48701e+00 -3.89677e+00
0 8.48701e+00 -3.89597e+00
0 8.48701e+00 -3.89743e+00
0 8.48701e+00 -3.89468e+00
0 8.48701e+00 -3.89621e+00
0 8.48701e+00 -3.89775e+00
0 8.48701e+00 -3.89650e+00
0 8.48701e+00 -3.89786e+00
0 8.48701e+00 -3.89734e+00
0 8.48701e+00 -3.89545e+00
0 8.48701e+00 -3.89713e+00
0 8.48701e+00 -3.89838e+00
0 8.48701e+00 -3.90006e+00
0 8.48701e+00 -3.90129e+00
0 8.48701e+00 -3.90291e+00
0 8.48701e+00 -3.90443e+00
0 8.48701e+00 -3.90594e+00
0 8.48701e+00 -3.90667e+00
0 8.48701e+00 -3.90809e+00
0 8.48701e+00 -3.90972e+00
0 8.48701e+00 -3.91118e+00
0 8.48701e+00 -3.91248e+00
0 8.48701e+00 -3.91268e+00
0 8.48701e+00 -3.91309e+00
0 8.48701e+00 -3.91465e+00
0 8.48701e+00 -3.91466e+00
0 8.48701e+00 -3.91631e+00
0 8.48701e+00 -3.91709e+00
0 8.48701e+00 -3.91871e+00
0 8.48701e+00 -3.91491e+00
0 8.48701e+00 -3.91655e+00
0 8.48701e+00 -3.91552e+00
0 8.48701e+00 -3.91478e+00
0 8.48701e+00 -3.91452e+00
0 8.48701e+00 -3.91012e+00
0 8.48701e+00 -3.91175e+00
0 8.48701e+00 -3.91104e+00
0 8.48701e+00 -3.91261e+00
0 8.48701e+00 -3.91341e+00
0 8.48701e+00 -3.91501e+00
0 8.48701e+00 -3.91578e+00
0 8.48701e+00 -3.91408e+00
0 8.48701e+00 -3.91411e+00
0 8.48701e+00 -3.91573e+00
0 8.48701e+00 -3.91477e+00
0 8.48701e+00 -3.91633e+00
0 8.48701e+00 -3.91563e+00
0 8.48701e+00 -3.91641e+00
0 8.48701e+00 -3.91294e+00
0 8.48701e+00 -3.91427e+00
0 8.48701e+00 -3.91547e+00
0 8.48701e+00 -3.91309e+00
0 8.48701e+00 -3.91421e+00
0 8.48701e+00 -3.91527e+00
0 8.48701e+00 -3.91681e+00
0 8.48701e+00 -3.91745e+00
0 8.48701e+00 -3.91906e+00
0 8.48701e+00 -3.92054e+00
0 8.48701e+00 -3.92141e+00
0 8.48701e+00 -3.92277e+00
0 8.48701e+00 -3.92437e+00
0 8.48701e+00 -3.92520e+00
0 8.48701e+00 -3.92635e+00
0 8.48701e+00 -3.92693e+00
0 8.48701e+00 -3.92520e+00
0 8.48701e+00 -3.92643e+00
0 8.48701e+00 -3.92762e+00
0 8.48701e+00 -3.92555e+00
0 8.48701e+00 -3.92108e+00
0 8.48701e+00 -3.91915e+00
0 8.48701e+00 -3.92070e+00
0 8.48701e+00 -3.92182e+00
0 8.48701e+00 -3.92241e+00
0 8.48701e+00 -3.92209e+00
0 8.48701e+00 -3.92367e+00
0 8.48701e+00 -3.92376e+00
0 8.48701e+00 -3.92246e+00
0 8.48701e+00 -3.92251e+00
0 8.48701e+00 -3.92011e+00
0 8.48701e+00 -3.91669e+00
0 8.48701e+00 -3.91806e+00
0 8.48701e+00 -3.91947e+00
0 8.48701e+00 -3.92103e+00
0 8.48701e+00 -3.92158e+00
0 8.48701e+00 -3.92015e+00
0 8.48701e+00 -3.91893e+00
0 8.48701e+00 -3.92036e+00
0 8.48701e+00 -3.92192e+00
0 8.48701e+00 -3.92340e+00
0 8.48701e+00 -3.92480e+00
0 8.48701e+00 -3.92446e+00
0 8.48701e+00 -3.92566e+00
0 8.48701e+00 -3.92238e+00
0 8.48701e+00 -3.92396e+00
0 8.48701e+00 -3.92529e+00
0 8.48701e+00 -3.92518e+00
0 8.48701e+00 -3.92599e+00
0 8.48701e+00 -3.92756e+00
0 8.48701e+00 -3.92492e+00
0 8.48701e+00 -3.92644e+00
0 8.48701e+00 -3.92744e+00
0 8.48701e+00 -3.92898e+00
0 8.48701e+00 -3.92532e+00
0 8.48701e+00 -3.92642e+00
0 8.48701e+00 -3.92784e+00
0 8.48701e+00 -3.92939e+00
0 8.48701e+00 -3.92708e+00
0 8.48701e+00 -3.92601e+00
0 8.48701e+00 -3.92424e+00
0 8.48701e+00 -3.92508e+00
0 8.48701e+00 -3.92609e+00
0 8.48701e+00 -3.92595e+00
0 8.48701e+00 -3.92182e+00
0 8.48701e+00 -3.92330e+00
0 8.48701e+00 -3.92428e+00
0 8.48701e+00 -3.92551e+00
0 8.48701e+00 -3.92503e+00
0 8.48701e+00 -3.92642e+00
0 8.48701e+00 -3.92778e+00
0 8.48701e+00 -3.92758e+00
0 8.48701e+00 -3.92887e+00
0 8.48701e+00 -3.92837e+00
0 8.48701e+00 -3.92879e+00
0 8.48701e+00 -3.92980e+00
0 8.48701e+00 -3.93053e+00
0 8.48701e+00 -3.93201e+00
0 8.48701e+00 -3.93333e+00
0 8.48701e+00 -3.93485e+00
0 8.48701e+00 -3.93609e+00
0 8.48701e+00 -3.93760e+00
0 8.48701e+00 -3.93524e+00
0 8.48701e+00 -3.93676e+00
0 8.48701e+00 -3.93440e+00
0 8.48701e+00 -3.93023e+00
0 8.48701e+00 -3.93041e+00
0 8.48701e+00 -3.93176e+00
0 8.48701e+00 -3.93306e+00
0 8.48701e+00 -3.93372e+00
0 8.48701e+00 -3.93482e+00
0 8.48701e+00 -3.93080e+00
0 8.48701e+00 -3.92747e+00
0 8.48701e+00 -3.92879e+00
0 8.48701e+00 -3.92995e+00
0 8.48701e+00 -3.93142e+00
0 8.48701e+00 -3.93268e+00
0 8.48701e+00 -3.93411e+00
0 8.48701e+00 -3.93302e+00
0 8.48701e+00 -3.93256e+00
0 8.48701e+00 -3.93406e+00
0 8.48701e+00 -3.93459e+00
0 8.48701e+00 -3.93476e+00
0 8.48701e+00 -3.93625e+00
0 8.48701e+00 -3.93705e+00
0 8.48701e+00 -3.93557e+00
0 8.48701e+00 -3.93692e+00
0 8.48701e+00 -3.93648e+00
0 8.48701e+00 -3.93792e+00
0 8.48701e+00 -3.93877e+00
0 8.48701e+00 -3.93832e+00
0 8.48701e+00 -3.93830e+00
0 8.48701e+00 -3.93759e+00
0 8.48701e+00 -3.93886e+00
0 8.48701e+00 -3.93989e+00
0 8.48701e+00 -3.94023e+00
0 8.48701e+00 -3.94003e+00
0 8.48701e+00 -3.94126e+00
0 8.48701e+00 -3.94271e+00
0 8.48701e+00 -3.94170e+00
0 8.48701e+00 -3.94124e+00
0 8.48701e+00 -3.94270e+00
0 8.48701e+00 -3.93920e+00
0 8.48701e+00 -3.94018e+00
0 8.48701e+00 -3.93825e+00
0 8.48701e+00 -3.93410e+00
0 8.48701e+00 -3.93484e+00
0 8.48701e+00 -3.93604e+00
0 8.48701e+00 -3.93684e+00
0 8.48701e+00 -3.93730e+00
0 8.48701e+00 -3.93781e+00
0 8.48701e+00 -3.93762e+00
0 8.48701e+00 -3.93488e+00
0 8.48701e+00 -3.93625e+00
0 8.48701e+00 -3.93763e+00
0 8.48701e+00 -3.93371e+00
0 8.48701e+00 -3.93507e+00
0 8.48701e+00 -3.93624e+00
0 8.48701e+00 -3.93614e+00
0 8.48701e+00 -3.93688e+00
0 8.48701e+00 -3.93693e+00
0 8.48701e+00 -3.93447e+00
0 8.48701e+00 -3.93218e+00
0 8.48701e+00 -3.93328e+00
0 8.48701e+00 -3.93469e+00
0 8.48701e+00 -3.93596e+00
0 8.48701e+00 -3.93697e+00
0 8.48701e+00 -3.93842e+00
0 8.48701e+00 -3.93919e+00
0 8.48701e+00 -3.93811e+00
0 8.48701e+00 -3.93911e+00
0 8.48701e+00 -3.93917e+00
0 8.48701e+00 -3.94016e+00
0 8.48701e+00 -3.94161e+00
0 8.48701e+00 -3.93849e+00
0 8.48701e+00 -3.93993e+00
0 8.48701e+00 -3.93929e+00
0 8.48701e+00 -3.93706e+00
0 8.48701e+00 -3.93784e+00
0 8.48701e+00 -3.93514e+00
0 8.48701e+00 -3.93610e+00
0 8.48701e+00 -3.93475e+00
0 8.48701e+00 -3.93539e+00
0 8.48701e+00 -3.93683e+00
0 8.48701e+00 -3.93553e+00
0 8.48701e+00 -3.93679e+00
0 8.48701e+00 -3.93742e+00
0 8.48701e+00 -3.93880e+00
0 8.48701e+00 -3.93883e+00
0 8.48701e+00 -3.94017e+00
0 8.48701e+00 -3.94144e+00
0 8.48701e+00 -3.94045e+00
0 8.48701e+00 -3.94153e+00
0 8.48701e+00 -3.94295e+00
0 8.48701e+00 -3.94340e+00
0 8.48701e+00 -3.94377e+00
0 8.48701e+00 -3.94182e+00
0 8.48701e+00 -3.94215e+00
0 8.48701e+00 -3.94357e+00
0 8.48701e+00 -3.94357e+00
0 8.48701e+00 -3.94306e+00
0 8.48701e+00 -3.94252e+00
0 8.48701e+00 -3.94393e+00
0 8.48701e+00 -3.94534e+00
0 8.48701e+00 -3.94359e+00
0 8.48701e+00 -3.94488e+00
0 8.48701e+00 -3.94582e+00
0 8.48701e+00 -3.94682e+00
0 8.48701e+00 -3.94785e+00
0 8.48701e+00 -3.94913e+00
0 8.48701e+00 -3.95051e+00
0 8.48701e+00 -3.95187e+00
0 8.48701e+00 -3.95260e+00
0 8.48701e+00 -3.95383e+00
0 8.48701e+00 -3.95523e+00
0 8.48701e+00 -3.95425e+00
0 8.48701e+00 -3.95565e+00
0 8.48701e+00 -3.95571e+00
0 8.48701e+00 -3.95711e+00
0 8.48701e+00 -3.95851e+00
0 8.48701e+00 -3.95988e+00
0 8.48701e+00 -3.96128e+00
0 8.48701e+00 -3.96158e+00
0 8.48701e+00 -3.95945e+00
0 8.48701e+00 -3.95955e+00
0 8.48701e+00 -3.95956e+00
0 8.48701e+00 -3.96087e+00
0 8.48701e+00 -3.96137e+00
0 8.48701e+00 -3.95786e+00
0 8.48701e+00 -3.95918e+00
0 8.48701e+00 -3.96029e+00
0 8.48701e+00 -3.96122e+00
0 8.48701e+00 -3.96019e+00
0 8.48701e+00 -3.95779e+00
0 8.48701e+00 -3.95896e+00
0 8.48701e+00 -3.95871e+00
0 8.48701e+00 -3.95930e+00
0 8.48701e+00 -3.95922e+00
0 8.48701e+00 -3.95698e+00
0 8.48701e+00 -3.95812e+00
0 8.48701e+00 -3.95944e+00
0 8.48701e+00 -3.95905e+00
0 8.48701e+00 -3.95818e+00
0 8.48701e+00 -3.95930e+00
0 8.48701e+00 -3.95965e+00
0 8.48701e+00 -3.95967e+00
0 8.48701e+00 -3.95904e+00
0 8.48701e+00 -3.96041e+00
0 8.48701e+00 -3.96160e+00
0 8.48701e+00 -3.95970e+00
0 8.48701e+00 -3.96083e+00
0 8.48701e+00 -3.95729e+00
0 8.48701e+00 -3.95865e+00
0 8.48701e+00 -3.95986e+00
0 8.48701e+00 -3.96002e+00
0 8.48701e+00 -3.96098e+00
0 8.48701e+00 -3.95993e+00
0 8.48701e+00 -3.95834e+00
0 8.48701e+00 -3.95889e+00
0 8.48701e+00 -3.95572e+00
0 8.48701e+00 -3.95666e+00
0 8.48701e+00 -3.95772e+00
0 8.48701e+00 -3.95705e+00
0 8.48701e+00 -3.95668e+00
0 8.48701e+00 -3.95802e+00
0 8.48701e+00 -3.95446e+00
0 8.48701e+00 -3.95570e+00
0 8.48701e+00 -3.95349e+00
0 8.48701e+00 -3.95099e+00
0 8.48701e+00 -3.95226e+00
0 8.48701e+00 -3.95356e+00
0 8.48701e+00 -3.95401e+00
0 8.48701e+00 -3.95046e+00
0 8.48701e+00 -3.94821e+00
0 8.48701e+00 -3.94938e+00
0 8.48701e+00 -3.95071e+00
0 8.48701e+00 -3.95203e+00
0 8.48701e+00 -3.95310e+00
0 8.48701e+00 -3.95024e+00
0 8.48701e+00 -3.95088e+00
0 8.48701e+00 -3.94992e+00
0 8.48701e+00 -3.95117e+00
0 8.48701e+00 -3.95119e+00
0 8.48701e+00 -3.95118e+00
0 8.48701e+00 -3.95189e+00
0 8.48701e+00 -3.95182e+00
0 8.48701e+00 -3.94806e+00
0 8.48701e+00 -3.94940e+00
0 8.48701e+00 -3.94958e+00
0 8.48701e+00 -3.95074e+00
0 8.48701e+00 -3.95133e+00
0 8.48701e+00 -3.95074e+00
0 8.48701e+00 -3.95192e+00
0 8.48701e+00 -3.95101e+00
0 8.48701e+00 -3.95234e+00
0 8.48701e+00 -3.95310e+00
0 8.48701e+00 -3.95433e+00
0 8.48701e+00 -3.95542e+00
0 8.48701e+00 -3.95344e+00
0 8.48701e+00 -3.95426e+00
0 8.48701e+00 -3.95558e+00
0 8.48701e+00 -3.95450e+00
0 8.48701e+00 -3.95575e+00
0 8.48701e+00 -3.95260e+00
0 8.48701e+00 -3.95153e+00
0 8.48701e+00 -3.95258e+00
0 8.48701e+00 -3.94942e+00
0 8.48701e+00 -3.94868e+00
0 8.48701e+00 -3.94671e+00
0 8.48701e+00 -3.94699e+00
0 8.48701e+00 -3.94600e+00
0 8.48701e+00 -3.94732e+00
0 8.48701e+00 -3.94751e+00
0 8.48701e+00 -3.94765e+00
0 8.48701e+00 -3.94896e+00
0 8.48701e+00 -3.95023e+00
0 8.48701e+00 -3.95130e+00
0 8.48701e+00 -3.95100e+00
0 8.48701e+00 -3.94969e+00
0 8.48701e+00 -3.95078e+00
0 8.48701e+00 -3.95187e+00
0 8.48701e+00 -3.95313e+00
0 8.48701e+00 -3.95340e+00
0 8.48701e+00 -3.95343e+00
0 8.48701e+00 -3.95235e+00
0 8.48701e+00 -3.95359e+00
0 8.48701e+00 -3.95176e+00
0 8.48701e+00 -3.95304e+00
0 8.48701e+00 -3.95423e+00
0 8.48701e+00 -3.95407e+00
0 8.48701e+00 -3.95536e+00
0 8.48701e+00 -3.95593e+00
0 8.48701e+00 -3.95683e+00
0 8.48701e+00 -3.95703e+00
0 8.48701e+00 -3.95675e+00
0 8.48701e+00 -3.95765e+00
0 8.48701e+00 -3.95894e+00
0 8.48701e+00 -3.95819e+00
0 8.48701e+00 -3.95935e+00
0 8.48701e+00 -3.96064e+00
0 8.48701e+00 -3.95738e+00
0 8.48701e+00 -3.95859e+00
0 8.48701e+00 -3.95832e+00
0 8.48701e+00 -3.95952e+00
0 8.48701e+00 -3.95814e+00
0 8.48701e+00 -3.95936e+00
0 8.48701e+00 -3.95827e+00
0 8.48701e+00 -3.95744e+00
0 8.48701e+00 -3.95846e+00
0 8.48701e+00 -3.95502e+00
0 8.48701e+00 -3.95616e+00
0 8.48701e+00 -3.95414e+00
0 8.48701e+00 -3.95514e+00
0 8.48701e+00 -3.95544e+00
0 8.48701e+00 -3.95651e+00
0 8.48701e+00 -3.95722e+00
0 8.48701e+00 -3.95636e+00
0 8.48701e+00 -3.95746e+00
0 8.48701e+00 -3.95684e+00
0 8.48701e+00 -3.95774e+00
0 8.48701e+00 -3.95861e+00
0 8.48701e+00 -3.95969e+00
0 8.48701e+00 -3.96032e+00
0 8.48701e+00 -3.96149e+00
0 8.48701e+00 -3.96197e+00
0 8.48701e+00 -3.95861e+00
0 8.48701e+00 -3.95878e+00
0 8.48701e+00 -3.96002e+00
0 8.48701e+00 -3.96123e+00
0 8.48701e+00 -3.96227e+00
0 8.48701e+00 -3.96326e+00
0 8.48701e+00 -3.95993e+00
0 8.48701e+00 -3.95938e+00
0 8.48701e+00 -3.95843e+00
0 8.48701e+00 -3.95968e+00
0 8.48701e+00 -3.95901e+00
0 8.48701e+00 -3.96013e+00
0 8.48701e+00 -3.95937e+00
0 8.48701e+00 -3.95850e+00
0 8.48701e+00 -3.95597e+00
0 8.48701e+00 -3.95660e+00
0 8.48701e+00 -3.95785e+00
0 8.48701e+00 -3.95902e+00
0 8.48701e+00 -3.95578e+00
0 8.48701e+00 -3.95687e+00
0 8.48701e+00 -3.95781e+00
0 8.48701e+00 -3.95614e+00
0 8.48701e+00 -3.95288e+00
0 8.48701e+00 -3.95410e+00
0 8.48701e+00 -3.95450e+00
0 8.48701e+00 -3.95356e+00
0 8.48701e+00 -3.95479e+00
0 8.48701e+00 -3.95497e+00
0 8.48701e+00 -3.95316e+00
0 8.48701e+00 -3.95212e+00
0 8.48701e+00 -3.95019e+00
0 8.48701e+00 -3.95136e+00
0 8.48701e+00 -3.95255e+00
0 8.48701e+00 -3.95080e+00
0 8.48701e+00 -3.94987e+00
0 8.48701e+00 -3.94930e+00
0 8.48701e+00 -3.94991e+00
0 8.48701e+00 -3.94963e+00
0 8.48701e+00 -3.95082e+00
0 8.48701e+00 -3.95173e+00
0 8.48701e+00 -3.95122e+00
0 8.48701e+00 -3.95218e+00
0 8.48701e+00 -3.95326e+00
0 8.48701e+00 -3.95432e+00
0 8.48701e+00 -3.95272e+00
0 8.48701e+00 -3.95127e+00
0 8.48701e+00 -3.95231e+00
0 8.48701e+00 -3.95087e+00
0 8.48701e+00 -3.95081e+00
0 8.48701e+00 -3.95173e+00
0 8.48701e+00 -3.95239e+00
0 8.48701e+00 -3.95319e+00
0 8.48701e+00 -3.95279e+00
0 8.48701e+00 -3.95382e+00
0 8.48701e+00 -3.95496e+00
0 8.48701e+00 -3.95619e+00
0 8.48701e+00 -3.95740e+00
0 8.48701e+00 -3.95498e+00
0 8.48701e+00 -3.95583e+00
0 8.48701e+00 -3.95686e+00
0 8.48701e+00 -3.95759e+00
0 8.48701e+00 -3.95473e+00
0 8.48701e+00 -3.95483e+00
0 8.48701e+00 -3.95578e+00
0 8.48701e+00 -3.95699e+00
0 8.48701e+00 -3.95818e+00
0 8.48701e+00 -3.95866e+00
0 8.48701e+00 -3.95964e+00
0 8.48701e+00 -3.95809e+00
0 8.48701e+00 -3.95906e+00
0 8.48701e+00 -3.96027e+00
0 8.48701e+00 -3.96144e+00
0 8.48701e+00 -3.96241e+00
0 8.48701e+00 -3.96055e+00
0 8.48701e+00 -3.96168e+00
0 8.48701e+00 -3.96288e+00
0 8.48701e+00 -3.96323e+00
0 8.48701e+00 -3.96438e+00
0 8.48701e+00 -3.96559e+00
0 8.48701e+00 -3.96665e+00
0 8.48701e+00 -3.96577e+00
0 8.48701e+00 -3.96689e+00
0 8.48701e+00 -3.96804e+00
0 8.48701e+00 -3.96884e+00
0 8.48701e+00 -3.96978e+00
0 8.48701e+00 -3.97098e+00
0 8.48701e+00 -3.97205e+00
0 8.48701e+00 -3.97273e+00
0 8.48701e+00 -3.97037e+00
0 8.48701e+00 -3.96857e+00
0 8.48701e+00 -3.96944e+00
0 8.48701e+00 -3.97064e+00
0 8.48701e+00 -3.97105e+00
0 8.48701e+00 -3.97097e+00
0 8.48701e+00 -3.97131e+00
0 8.48701e+00 -3.97250e+00
0 8.48701e+00 -3.97165e+00
0 8.48701e+00 -3.97273e+00
0 8.48701e+00 -3.97382e+00
0 8.48701e+00 -3.97136e+00
0 8.48701e+00 -3.97156e+00
0 8.48701e+00 -3.97185e+00
0 8.48701e+00 -3.97096e+00
0 8.48701e+00 -3.96806e+00
0 8.48701e+00 -3.96524e+00
0 8.48701e+00 -3.96640e+00
0 8.48701e+00 -3.96751e+00
0 8.48701e+00 -3.96870e+00
0 8.48701e+00 -3.96885e+00
0 8.48701e+00 -3.96666e+00
0 8.48701e+00 -3.96505e+00
0 8.48701e+00 -3.96623e+00
0 8.48701e+00 -3.96707e+00
0 8.48701e+00 -3.96805e+00
0 8.48701e+00 -3.96715e+00
0 8.48701e+00 -3.96816e+00
0 8.48701e+00 -3.96758e+00
0 8.48701e+00 -3.96764e+00
0 8.48701e+00 -3.96832e+00
0 8.48701e+00 -3.96581e+00
0 8.48701e+00 -3.96453e+00
0 8.48701e+00 -3.96566e+00
0 8.48701e+00 -3.96526e+00
0 8.48701e+00 -3.96644e+00
0 8.48701e+00 -3.96749e+00
0 8.48701e+00 -3.96752e+00
0 8.48701e+00 -3.96837e+00
0 8.48701e+00 -3.96750e+00
0 8.48701e+00 -3.96860e+00
0 8.48701e+00 -3.96875e+00
0 8.48701e+00 -3.96964e+00
0 8.48701e+00 -3.96862e+00
0 8.48701e+00 -3.96979e+00
0 8.48701e+00 -3.96737e+00
0 8.48701e+00 -3.96837e+00
0 8.48701e+00 -3.96624e+00
0 8.48701e+00 -3.96725e+00
0 8.48701e+00 -3.96830e+00
0 8.48701e+00 -3.96691e+00
0 8.48701e+00 -3.96803e+00
0 8.48701e+00 -3.96915e+00
0 8.48701e+00 -3.97031e+00
0 8.48701e+00 -3.97146e+00
0 8.48701e+00 -3.97257e+00
0 8.48701e+00 -3.97281e+00
0 8.48701e+00 -3.97022e+00
0 8.48701e+00 -3.97119e+00
0 8.48701e+00 -3.97120e+00
0 8.48701e+00 -3.97176e+00
0 8.48701e+00 -3.97288e+00
0 8.48701e+00 -3.97392e+00
0 8.48701e+00 -3.97469e+00
0 8.48701e+00 -3.97474e+00
0 8.48701e+00 -3.97380e+00
0 8.48701e+00 -3.97384e+00
0 8.48701e+00 -3.97148e+00
0 8.48701e+00 -3.97224e+00
0 8.48701e+00 -3.97309e+00
0 8.48701e+00 -3.97196e+00
0 8.48701e+00 -3.97162e+00
0 8.48701e+00 -3.97156e+00
0 8.48701e+00 -3.97263e+00
0 8.48701e+00 -3.96986e+00
0 8.48701e+00 -3.97075e+00
0 8.48701e+00 -3.97188e+00
0 8.48701e+00 -3.96861e+00
0 8.48701e+00 -3.96882e+00
0 8.48701e+00 -3.96993e+00
0 8.48701e+00 -3.97098e+00
0 8.48701e+00 -3.97141e+00
0 8.48701e+00 -3.97211e+00
0 8.48701e+00 -3.97219e+00
0 8.48701e+00 -3.96986e+00
0 8.48701e+00 -3.97048e+00
0 8.48701e+00 -3.97005e+00
0 8.48701e+00 -3.97075e+00
0 8.48701e+00 -3.97011e+00
0 8.48701e+00 -3.97101e+00
0 8.48701e+00 -3.97197e+00
0 8.48701e+00 -3.97309e+00
0 8.48701e+00 -3.97373e+00
0 8.48701e+00 -3.97367e+00
0 8.48701e+00 -3.97395e+00
0 8.48701e+00 -3.97499e+00
0 8.48701e+00 -3.97613e+00
0 8.48701e+00 -3.97339e+00
0 8.48701e+00 -3.97255e+00
0 8.48701e+00 -3.97347e+00
0 8.48701e+00 -3.97427e+00
0 8.48701e+00 -3.97524e+00
0 8.48701e+00 -3.97622e+00
0 8.48701e+00 -3.97455e+00
0 8.48701e+00 -3.97472e+00
0 8.48701e+00 -3.97580e+00
0 8.48701e+00 -3.97652e+00
0 8.48701e+00 -3.97517e+00
0 8.48701e+00 -3.97320e+00
0 8.48701e+00 -3.97028e+00
0 8.48701e+00 -3.96968e+00
0 8.48701e+00 -3.97046e+00
0 8.48701e+00 -3.97155e+00
0 8.48701e+00 -3.96985e+00
0 8.48701e+00 -3.96856e+00
0 8.48701e+00 -3.96774e+00
0 8.48701e+00 -3.96759e+00
0 8.48701e+00 -3.96828e+00
0 8.48701e+00 -3.96807e+00
0 8.48701e+00 -3.96768e+00
0 8.48701e+00 -3.96784e+00
0 8.48701e+00 -3.96559e+00
0 8.48701e+00 -3.96666e+00
0 8.48701e+00 -3.96664e+00
0 8.48701e+00 -3.96652e+00
0 8.48701e+00 -3.96741e+00
0 8.48701e+00 -3.96749e+00
0 8.48701e+00 -3.96767e+00
0 8.48701e+00 -3.96875e+00
0 8.48701e+00 -3.96987e+00
0 8.48701e+00 -3.97098e+00
0 8.48701e+00 -3.97205e+00
0 8.48701e+00 -3.97185e+00
0 8.48701e+00 -3.97256e+00
0 8.48701e+00 -3.97300e+00
0 8.48701e+00 -3.97390e+00
0 8.48701e+00 -3.97498e+00
0 8.48701e+00 -3.97419e+00
0 8.48701e+00 -3.97525e+00
0 8.48701e+00 -3.97636e+00
0 8.48701e+00 -3.97745e+00
0 8.48701e+00 -3.97843e+00
0 8.48701e+00 -3.97786e+00
0 8.48701e+00 -3.97896e+00
0 8.48701e+00 -3.97766e+00
0 8.48701e+00 -3.97847e+00
0 8.48701e+00 -3.97900e+00
0 8.48701e+00 -3.97614e+00
0 8.48701e+00 -3.97691e+00
0 8.48701e+00 -3.97390e+00
0 8.48701e+00 -3.97384e+00
0 8.48701e+00 -3.97117e+00
0 8.48701e+00 -3.97172e+00
0 8.48701e+00 -3.97208e+00
0 8.48701e+00 -3.97192e+00
0 8.48701e+00 -3.97206e+00
0 8.48701e+00 -3.96892e+00
0 8.48701e+00 -3.96998e+00
0 8.48701e+00 -3.97102e+00
0 8.48701e+00 -3.96831e+00
0 8.48701e+00 -3.96932e+00
0 8.48701e+00 -3.96789e+00
0 8.48701e+00 -3.96818e+00
0 8.48701e+00 -3.96906e+00
0 8.48701e+00 -3.97014e+00
0 8.48701e+00 -3.96841e+00
0 8.48701e+00 -3.96794e+00
0 8.48701e+00 -3.96897e+00
0 8.48701e+00 -3.96795e+00
0 8.48701e+00 -3.96872e+00
0 8.48701e+00 -3.96730e+00
0 8.48701e+00 -3.96806e+00
0 8.48701e+00 -3.96540e+00
0 8.48701e+00 -3.96582e+00
0 8.48701e+00 -3.96625e+00
0 8.48701e+00 -3.96610e+00
0 8.48701e+00 -3.96707e+00
0 8.48701e+00 -3.96763e+00
0 8.48701e+00 -3.96727e+00
0 8.48701e+00 -3.96820e+00
0 8.48701e+00 -3.96785e+00
0 8.48701e+00 -3.96893e+00
0 8.48701e+00 -3.96996e+00
0 8.48701e+00 -3.96762e+00
0 8.48701e+00 -3.96768e+00
0 8.48701e+00 -3.96756e+00
0 8.48701e+00 -3.96785e+00
0 8.48701e+00 -3.96890e+00
0 8.48701e+00 -3.96989e+00
0 8.48701e+00 -3.96787e+00
0 8.48701e+00 -3.96857e+00
0 8.48701e+00 -3.96714e+00
0 8.48701e+00 -3.96664e+00
0 8.48701e+00 -3.96403e+00
0 8.48701e+00 -3.96508e+00
0 8.48701e+00 -3.96615e+00
0 8.48701e+00 -3.96630e+00
0 8.48701e+00 -3.96514e+00
0 8.48701e+00 -3.96510e+00
0 8.48701e+00 -3.96569e+00
0 8.48701e+00 -3.96412e+00
0 8.48701e+00 -3.96239e+00
0 8.48701e+00 -3.96330e+00
0 8.48701e+00 -3.96329e+00
0 8.48701e+00 -3.96382e+00
0 8.48701e+00 -3.96483e+00
0 8.48701e+00 -3.96589e+00
0 8.48701e+00 -3.96639e+00
0 8.48701e+00 -3.96627e+00
0 8.48701e+00 -3.96684e+00
0 8.48701e+00 -3.96763e+00
0 8.48701e+00 -3.96837e+00
0 8.48701e+00 -3.96682e+00
0 8.48701e+00 -3.96784e+00
0 8.48701e+00 -3.96887e+00
0 8.48701e+00 -3.96993e+00
0 8.48701e+00 -3.96921e+00
0 8.48701e+00 -3.97012e+00
0 8.48701e+00 -3.97055e+00
0 8.48701e+00 -3.97021e+00
0 8.48701e+00 -3.97126e+00
0 8.48701e+00 -3.97193e+00
0 8.48701e+00 -3.97224e+00
0 8.48701e+00 -3.97303e+00
0 8.48701e+00 -3.97051e+00
0 8.48701e+00 -3.97029e+00
0 8.48701e+00 -3.97118e+00
0 8.48701e+00 -3.97033e+00
0 8.48701e+00 -3.96842e+00
0 8.48701e+00 -3.96794e+00
0 8.48701e+00 -3.96899e+00
0 8.48701e+00 -3.97000e+00
0 8.48701e+00 -3.97027e+00
0 8.48701e+00 -3.97118e+00
0 8.48701e+00 -3.97203e+00
0 8.48701e+00 -3.97037e+00
0 8.48701e+00 -3.96745e+00
0 8.48701e+00 -3.96808e+00
0 8.48701e+00 -3.96871e+00
0 8.48701e+00 -3.96963e+00
0 8.48701e+00 -3.96737e+00
0 8.48701e+00 -3.96814e+00
0 8.48701e+00 -3.96915e+00
0 8.48701e+00 -3.97018e+00
0 8.48701e+00 -3.97091e+00
0 8.48701e+00 -3.97051e+00
0 8.48701e+00 -3.97033e+00
0 8.48701e+00 -3.97114e+00
0 8.48701e+00 -3.96968e+00
0 8.48701e+00 -3.97065e+00
0 8.48701e+00 -3.97128e+00
0 8.48701e+00 -3.96861e+00
0 8.48701e+00 -3.96864e+00
0 8.48701e+00 -3.96885e+00
0 8.48701e+00 -3.96963e+00
0 8.48701e+00 -3.96707e+00
0 8.48701e+00 -3.96809e+00
0 8.48701e+00 -3.96823e+00
0 8.48701e+00 -3.96926e+00
0 8.48701e+00 -3.96922e+00
0 8.48701e+00 -3.97017e+00
0 8.48701e+00 -3.96774e+00
0 8.48701e+00 -3.96873e+00
0 8.48701e+00 -3.96955e+00
0 8.48701e+00 -3.97040e+00
0 8.48701e+00 -3.97136e+00
0 8.48701e+00 -3.97187e+00
0 8.48701e+00 -3.97285e+00
0 8.48701e+00 -3.97372e+00
0 8.48701e+00 -3.97456e+00
0 8.48701e+00 -3.97491e+00
0 8.48701e+00 -3.97590e+00
0 8.48701e+00 -3.97646e+00
0 8.48701e+00 -3.97744e+00
0 8.48701e+00 -3.97653e+00
0 8.48701e+00 -3.97698e+00
0 8.48701e+00 -3.97700e+00
0 8.48701e+00 -3.97795e+00
0 8.48701e+00 -3.97683e+00
0 8.48701e+00 -3.97758e+00
0 8.48701e+00 -3.97860e+00
0 8.48701e+00 -3.97960e+00
0 8.48701e+00 -3.98040e+00
0 8.48701e+00 -3.98004e+00
0 8.48701e+00 -3.97765e+00
0 8.48701e+00 -3.97796e+00
0 8.48701e+00 -3.97823e+00
0 8.48701e+00 -3.97925e+00
0 8.48701e+00 -3.97742e+00
0 8.48701e+00 -3.97663e+00
0 8.48701e+00 -3.97654e+00
0 8.48701e+00 -3.97658e+00
0 8.48701e+00 -3.97737e+00
0 8.48701e+00 -3.97791e+00
0 8.48701e+00 -3.97749e+00
0 8.48701e+00 -3.97465e+00
0 8.48701e+00 -3.97173e+00
0 8.48701e+00 -3.97011e+00
0 8.48701e+00 -3.97082e+00
0 8.48701e+00 -3.97054e+00
0 8.48701e+00 -3.96939e+00
0 8.48701e+00 -3.96936e+00
0 8.48701e+00 -3.97038e+00
0 8.48701e+00 -3.97074e+00
0 8.48701e+00 -3.97171e+00
0 8.48701e+00 -3.96933e+00
0 8.48701e+00 -3.96973e+00
0 8.48701e+00 -3.97074e+00
0 8.48701e+00 -3.97172e+00
0 8.48701e+00 -3.96946e+00
0 8.48701e+00 -3.96883e+00
0 8.48701e+00 -3.96847e+00
0 8.48701e+00 -3.96947e+00
0 8.48701e+00 -3.96903e+00
0 8.48701e+00 -3.96666e+00
0 8.48701e+00 -3.96766e+00
0 8.48701e+00 -3.96744e+00
0 8.48701e+00 -3.96709e+00
0 8.48701e+00 -3.96795e+00
0 8.48701e+00 -3.96882e+00
0 8.48701e+00 -3.96982e+00
0 8.48701e+00 -3.97055e+00
0 8.48701e+00 -3.97136e+00
0 8.48701e+00 -3.97184e+00
0 8.48701e+00 -3.96977e+00
0 8.48701e+00 -3.97023e+00
0 8.48701e+00 -3.97084e+00
0 8.48701e+00 -3.97105e+00
0 8.48701e+00 -3.97194e+00
0 8.48701e+00 -3.97177e+00
0 8.48701e+00 -3.97177e+00
0 8.48701e+00 -3.97205e+00
0 8.48701e+00 -3.97033e+00
0 8.48701e+00 -3.97084e+00
0 8.48701e+00 -3.97177e+00
0 8.48701e+00 -3.97277e+00
0 8.48701e+00 -3.97254e+00
0 8.48701e+00 -3.97353e+00
0 8.48701e+00 -3.97270e+00
0 8.48701e+00 -3.97182e+00
0 8.48701e+00 -3.97139e+00
0 8.48701e+00 -3.97155e+00
0 8.48701e+00 -3.97023e+00
0 8.48701e+00 -3.97105e+00
0 8.48701e+00 -3.97059e+00
0 8.48701e+00 -3.97112e+00
0 8.48701e+00 -3.97194e+00
0 8.48701e+00 -3.97240e+00
