0 -4.78809e+00 -8.90279e+00
0 -4.78809e+00 -9.02421e+00
0 -4.78809e+00 -5.05891e+00
0 -4.78809e+00 -5.01746e+00
0 -4.78809e+00 -5.37664e+00
0 -4.78809e+00 -5.66551e+00
0 -4.78809e+00 -5.89678e+00
0 -4.78809e+00 -5.91632e+00
0 -4.78809e+00 -6.07698e+00
0 -4.78809e+00 -6.11178e+00
0 -4.78809e+00 -6.24621e+00
0 -4.78809e+00 -6.36381e+00
0 -4.78809e+00 -6.29864e+00
0 -4.78809e+00 -6.38873e+00
0 -4.78809e+00 -6.46891e+00
0 -4.78809e+00 -6.54969e+00
0 -4.78809e+00 -6.27636e+00
0 -4.78809e+00 -6.35342e+00
0 -4.78809e+00 -6.41390e+00
0 -4.78809e+00 -6.45850e+00
0 -4.78809e+00 -6.52267e+00
0 -4.78809e+00 -6.57547e+00
0 -4.78809e+00 -6.62538e+00
0 -4.78809e+00 -6.57466e+00
0 -4.78809e+00 -6.20912e+00
0 -4.78809e+00 -6.19343e+00
0 -4.78809e+00 -6.24071e+00
0 -4.78809e+00 -6.28796e+00
0 -4.78809e+00 -6.33538e+00
0 -4.78809e+00 -6.37881e+00
0 -4.78809e+00 -6.23775e+00
0 -4.78809e+00 -6.19327e+00
0 -4.78809e+00 -6.19364e+00
0 -4.78809e+00 -6.20411e+00
0 -4.78809e+00 -6.00931e+00
0 -4.78809e+00 -6.04875e+00
0 -4.78809e+00 -5.92231e+00
0 -4.78809e+00 -5.95941e+00
0 -4.78809e+00 -5.97886e+00
0 -4.78809e+00 -6.01370e+00
0 -4.78809e+00 -6.04795e+00
0 -4.78809e+00 -5.98973e+00
0 -4.78809e+00 -5.94874e+00
0 -4.78809e+00 -5.93920e+00
0 -4.78809e+00 -5.96915e+00
0 -4.78809e+00 -5.98363e+00
0 -4.78809e+00 -5.96715e+00
0 -4.78809e+00 -5.86190e+00
0 -4.78809e+00 -5.88356e+00
0 -4.78809e+00 -5.91217e+00
0 -4.78809e+00 -5.92877e+00
0 -4.78809e+00 -5.95592e+00
0 -4.78809e+00 -5.98416e+00
0 -4.78809e+00 -5.98691e+00
0 -4.78809e+00 -6.01198e+00
0 -4.78809e+00 -6.03841e+00
0 -4.78809e+00 -6.01321e+00
0 -4.78809e+00 -6.03790e+00
0 -4.78809e+00 -6.06140e+00
0 -4.78809e+00 -6.08489e+00
0 -4.78809e+00 -6.10715e+00
0 -4.78809e+00 -6.00230e+00
0 -4.78809e+00 -5.93224e+00
0 -4.78809e+00 -5.95378e+00
0 -4.78809e+00 -5.87237e+00
0 -4.78809e+00 -5.84678e+00
0 -4.78809e+00 -5.86901e+00
0 -4.78809e+00 -5.89007e+00
0 -4.78809e+00 -5.89097e+00
0 -4.78809e+00 -5.91207e+00
0 -4.78809e+00 -5.91182e+00
0 -4.78809e+00 -5.93196e+00
0 -4.78809e+00 -5.95241e+00
0 -4.78809e+00 -5.97206e+00
0 -4.78809e+00 -5.99092e+00
0 -4.78809e+00 -6.00937e+00
0 -4.78809e+00 -6.02763e+00
0 -4.78809e+00 -6.04581e+00
0 -4.78809e+00 -6.06311e+00
0 -4.78809e+00 -6.08124e+00
0 -4.78809e+00 -6.09506e+00
0 -4.78809e+00 -6.11204e+00
0 -4.78809e+00 -6.12874e+00
0 -4.78809e+00 -6.14542e+00
0 -4.78809e+00 -6.16203e+00
0 -4.78809e+00 -6.13218e+00
0 -4.78809e+00 -6.04530e+00
0 -4.78809e+00 -6.04300e+00
0 -4.78809e+00 -6.02448e+00
0 -4.78809e+00 -5.94558e+00
0 -4.78809e+00 -5.95280e+00
0 -4.78809e+00 -5.95582e+00
0 -4.78809e+00 -5.90578e+00
0 -4.78809e+00 -5.91718e+00
0 -4.78809e+00 -5.93228e+00
0 -4.78809e+00 -5.93144e+00
0 -4.78809e+00 -5.93792e+00
0 -4.78809e+00 -5.90926e+00
0 -4.78809e+00 -5.85598e+00
0 -4.78809e+00 -5.87051e+00
0 -4.78809e+00 -5.88505e+00
0 -4.78809e+00 -5.89971e+00
0 -4.78809e+00 -5.90865e+00
0 -4.78809e+00 -5.92281e+00
0 -4.78809e+00 -5.93664e+00
0 -4.78809e+00 -5.95016e+00
0 -4.78809e+00 -5.96374e+00
0 -4.78809e+00 -5.96905e+00
0 -4.78809e+00 -5.97192e+00
0 -4.78809e+00 -5.95953e+00
0 -4.78809e+00 -5.93656e+00
0 -4.78809e+00 -5.94569e+00
0 -4.78809e+00 -5.95866e+00
0 -4.78809e+00 -5.91045e+00
0 -4.78809e+00 -5.91112e+00
0 -4.78809e+00 -5.92004e+00
0 -4.78809e+00 -5.87107e+00
0 -4.78809e+00 -5.87383e+00
0 -4.78809e+00 -5.86616e+00
0 -4.78809e+00 -5.84015e+00
0 -4.78809e+00 -5.85042e+00
0 -4.78809e+00 -5.86243e+00
0 -4.78809e+00 -5.82503e+00
0 -4.78809e+00 -5.82649e+00
0 -4.78809e+00 -5.82672e+00
0 -4.78809e+00 -5.83875e+00
0 -4.78809e+00 -5.85053e+00
0 -4.78809e+00 -5.79766e+00
0 -4.78809e+00 -5.80945e+00
0 -4.78809e+00 -5.81387e+00
0 -4.78809e+00 -5.82505e+00
0 -4.78809e+00 -5.83640e+00
0 -4.78809e+00 -5.82914e+00
0 -4.78809e+00 -5.84014e+00
0 -4.78809e+00 -5.83215e+00
0 -4.78809e+00 -5.84248e+00
0 -4.78809e+00 -5.85352e+00
0 -4.78809e+00 -5.86140e+00
0 -4.78809e+00 -5.87159e+00
0 -4.78809e+00 -5.88177e+00
0 -4.78809e+00 -5.89198e+00
0 -4.78809e+00 -5.90119e+00
0 -4.78809e+00 -5.91146e+00
0 -4.78809e+00 -5.90561e+00
0 -4.78809e+00 -5.91557e+00
0 -4.78809e+00 -5.91437e+00
0 -4.78809e+00 -5.92456e+00
0 -4.78809e+00 -5.93459e+00
0 -4.78809e+00 -5.94439e+00
0 -4.78809e+00 -5.95409e+00
0 -4.78809e+00 -5.96380e+00
0 -4.78809e+00 -5.97285e+00
0 -4.78809e+00 -5.97337e+00
0 -4.78809e+00 -5.98259e+00
0 -4.78809e+00 -5.95545e+00
0 -4.78809e+00 -5.96484e+00
0 -4.78809e+00 -5.97384e+00
0 -4.78809e+00 -5.98189e+00
0 -4.78809e+00 -5.96452e+00
0 -4.78809e+00 -5.97376e+00
0 -4.78809e+00 -5.98204e+00
0 -4.78809e+00 -5.97137e+00
0 -4.78809e+00 -5.95359e+00
0 -4.78809e+00 -5.92687e+00
0 -4.78809e+00 -5.92090e+00
0 -4.78809e+00 -5.92951e+00
0 -4.78809e+00 -5.93657e+00
0 -4.78809e+00 -5.94543e+00
0 -4.78809e+00 -5.95409e+00
0 -4.78809e+00 -5.95324e+00
0 -4.78809e+00 -5.96178e+00
0 -4.78809e+00 -5.97006e+00
0 -4.78809e+00 -5.97826e+00
0 -4.78809e+00 -5.98647e+00
0 -4.78809e+00 -5.97787e+00
0 -4.78809e+00 -5.97914e+00
0 -4.78809e+00 -5.95650e+00
0 -4.78809e+00 -5.94371e+00
0 -4.78809e+00 -5.90899e+00
0 -4.78809e+00 -5.91658e+00
0 -4.78809e+00 -5.92461e+00
0 -4.78809e+00 -5.93194e+00
0 -4.78809e+00 -5.90927e+00
0 -4.78809e+00 -5.91718e+00
0 -4.78809e+00 -5.92527e+00
0 -4.78809e+00 -5.90133e+00
0 -4.78809e+00 -5.89828e+00
0 -4.78809e+00 -5.90613e+00
0 -4.78809e+00 -5.91135e+00
0 -4.78809e+00 -5.89018e+00
0 -4.78809e+00 -5.89801e+00
0 -4.78809e+00 -5.90389e+00
0 -4.78809e+00 -5.91148e+00
0 -4.78809e+00 -5.91747e+00
0 -4.78809e+00 -5.92487e+00
0 -4.78809e+00 -5.93230e+00
0 -4.78809e+00 -5.92160e+00
0 -4.78809e+00 -5.92897e+00
0 -4.78809e+00 -5.93251e+00
0 -4.78809e+00 -5.93970e+00
0 -4.78809e+00 -5.94702e+00
0 -4.78809e+00 -5.94425e+00
0 -4.78809e+00 -5.91868e+00
0 -4.78809e+00 -5.92584e+00
0 -4.78809e+00 -5.93311e+00
0 -4.78809e+00 -5.94027e+00
0 -4.78809e+00 -5.92897e+00
0 -4.78809e+00 -5.93586e+00
0 -4.78809e+00 -5.94269e+00
0 -4.78809e+00 -5.94040e+00
0 -4.78809e+00 -5.93622e+00
0 -4.78809e+00 -5.94222e+00
0 -4.78809e+00 -5.94889e+00
0 -4.78809e+00 -5.91518e+00
0 -4.78809e+00 -5.90749e+00
0 -4.78809e+00 -5.91424e+00
0 -4.78809e+00 -5.88636e+00
0 -4.78809e+00 -5.88879e+00
0 -4.78809e+00 -5.89539e+00
0 -4.78809e+00 -5.86999e+00
0 -4.78809e+00 -5.87669e+00
0 -4.78809e+00 -5.88330e+00
0 -4.78809e+00 -5.88985e+00
0 -4.78809e+00 -5.89630e+00
0 -4.78809e+00 -5.88182e+00
0 -4.78809e+00 -5.88823e+00
0 -4.78809e+00 -5.89464e+00
0 -4.78809e+00 -5.90122e+00
0 -4.78809e+00 -5.89247e+00
0 -4.78809e+00 -5.89284e+00
0 -4.78809e+00 -5.89929e+00
0 -4.78809e+00 -5.90576e+00
0 -4.78809e+00 -5.91218e+00
0 -4.78809e+00 -5.91329e+00
0 -4.78809e+00 -5.91278e+00
0 -4.78809e+00 -5.91853e+00
0 -4.78809e+00 -5.92464e+00
0 -4.78809e+00 -5.90927e+00
0 -4.78809e+00 -5.91549e+00
0 -4.78809e+00 -5.92154e+00
0 -4.78809e+00 -5.92749e+00
0 -4.78809e+00 -5.93359e+00
0 -4.78809e+00 -5.93680e+00
0 -4.78809e+00 -5.90797e+00
0 -4.78809e+00 -5.91073e+00
0 -4.78809e+00 -5.91530e+00
0 -4.78809e+00 -5.91957e+00
0 -4.78809e+00 -5.92394e+00
0 -4.78809e+00 -5.92983e+00
0 -4.78809e+00 -5.93561e+00
0 -4.78809e+00 -5.92482e+00
0 -4.78809e+00 -5.93055e+00
0 -4.78809e+00 -5.93583e+00
0 -4.78809e+00 -5.93790e+00
0 -4.78809e+00 -5.94358e+00
0 -4.78809e+00 -5.94933e+00
0 -4.78809e+00 -5.95488e+00
0 -4.78809e+00 -5.95575e+00
0 -4.78809e+00 -5.95628e+00
0 -4.78809e+00 -5.94495e+00
0 -4.78809e+00 -5.95054e+00
0 -4.78809e+00 -5.94493e+00
0 -4.78809e+00 -5.95035e+00
0 -4.78809e+00 -5.95598e+00
0 -4.78809e+00 -5.96157e+00
0 -4.78809e+00 -5.95486e+00
0 -4.78809e+00 -5.96019e+00
0 -4.78809e+00 -5.96464e+00
0 -4.78809e+00 -5.97006e+00
0 -4.78809e+00 -5.97548e+00
0 -4.78809e+00 -5.97779e+00
0 -4.78809e+00 -5.98220e+00
0 -4.78809e+00 -5.98756e+00
0 -4.78809e+00 -5.98646e+00
0 -4.78809e+00 -5.99169e+00
0 -4.78809e+00 -5.99681e+00
0 -4.78809e+00 -6.00193e+00
0 -4.78809e+00 -6.00705e+00
0 -4.78809e+00 -6.00717e+00
0 -4.78809e+00 -5.99138e+00
0 -4.78809e+00 -5.99649e+00
0 -4.78809e+00 -6.00152e+00
0 -4.78809e+00 -5.98561e+00
0 -4.78809e+00 -5.97318e+00
0 -4.78809e+00 -5.97824e+00
0 -4.78809e+00 -5.98335e+00
0 -4.78809e+00 -5.98374e+00
0 -4.78809e+00 -5.98867e+00
0 -4.78809e+00 -5.99376e+00
0 -4.78809e+00 -5.99060e+00
0 -4.78809e+00 -5.99183e+00
0 -4.78809e+00 -5.99683e+00
0 -4.78809e+00 -6.00130e+00
0 -4.78809e+00 -6.00626e+00
0 -4.78809e+00 -6.01107e+00
0 -4.78809e+00 -5.99066e+00
0 -4.78809e+00 -5.99560e+00
0 -4.78809e+00 -5.99837e+00
0 -4.78809e+00 -6.00084e+00
0 -4.78809e+00 -5.98300e+00
0 -4.78809e+00 -5.95843e+00
0 -4.78809e+00 -5.96314e+00
0 -4.78809e+00 -5.96795e+00
0 -4.78809e+00 -5.96999e+00
0 -4.78809e+00 -5.97411e+00
0 -4.78809e+00 -5.97881e+00
0 -4.78809e+00 -5.97008e+00
0 -4.78809e+00 -5.96349e+00
0 -4.78809e+00 -5.96809e+00
0 -4.78809e+00 -5.96798e+00
0 -4.78809e+00 -5.97261e+00
0 -4.78809e+00 -5.96130e+00
0 -4.78809e+00 -5.96592e+00
0 -4.78809e+00 -5.97056e+00
0 -4.78809e+00 -5.97512e+00
0 -4.78809e+00 -5.97882e+00
0 -4.78809e+00 -5.98199e+00
0 -4.78809e+00 -5.98651e+00
0 -4.78809e+00 -5.99094e+00
0 -4.78809e+00 -5.98223e+00
0 -4.78809e+00 -5.98664e+00
0 -4.78809e+00 -5.98689e+00
0 -4.78809e+00 -5.99146e+00
0 -4.78809e+00 -5.99602e+00
0 -4.78809e+00 -6.00041e+00
0 -4.78809e+00 -6.00492e+00
0 -4.78809e+00 -6.00923e+00
0 -4.78809e+00 -6.00252e+00
0 -4.78809e+00 -6.00681e+00
0 -4.78809e+00 -5.98735e+00
0 -4.78809e+00 -5.99112e+00
0 -4.78809e+00 -5.98123e+00
0 -4.78809e+00 -5.98549e+00
0 -4.78809e+00 -5.97553e+00
0 -4.78809e+00 -5.97520e+00
0 -4.78809e+00 -5.97944e+00
0 -4.78809e+00 -5.97585e+00
0 -4.78809e+00 -5.98007e+00
0 -4.78809e+00 -5.98425e+00
0 -4.78809e+00 -5.98734e+00
0 -4.78809e+00 -5.99163e+00
0 -4.78809e+00 -5.99394e+00
0 -4.78809e+00 -5.99797e+00
0 -4.78809e+00 -6.00209e+00
0 -4.78809e+00 -6.00622e+00
0 -4.78809e+00 -6.00929e+00
0 -4.78809e+00 -6.00993e+00
0 -4.78809e+00 -5.98921e+00
0 -4.78809e+00 -5.97566e+00
0 -4.78809e+00 -5.97137e+00
0 -4.78809e+00 -5.97553e+00
0 -4.78809e+00 -5.97968e+00
0 -4.78809e+00 -5.98372e+00
0 -4.78809e+00 -5.98775e+00
0 -4.78809e+00 -5.97946e+00
0 -4.78809e+00 -5.98346e+00
0 -4.78809e+00 -5.98499e+00
0 -4.78809e+00 -5.98909e+00
0 -4.78809e+00 -5.99304e+00
0 -4.78809e+00 -5.99713e+00
0 -4.78809e+00 -5.99354e+00
0 -4.78809e+00 -5.99751e+00
0 -4.78809e+00 -6.00153e+00
0 -4.78809e+00 -6.00354e+00
0 -4.78809e+00 -6.00735e+00
0 -4.78809e+00 -5.99111e+00
0 -4.78809e+00 -5.99505e+00
0 -4.78809e+00 -5.99104e+00
0 -4.78809e+00 -5.99500e+00
0 -4.78809e+00 -5.99894e+00
0 -4.78809e+00 -6.00068e+00
0 -4.78809e+00 -6.00454e+00
0 -4.78809e+00 -6.00847e+00
0 -4.78809e+00 -6.01225e+00
0 -4.78809e+00 -6.01585e+00
0 -4.78809e+00 -6.01968e+00
0 -4.78809e+00 -6.02179e+00
0 -4.78809e+00 -6.01177e+00
0 -4.78809e+00 -6.01549e+00
0 -4.78809e+00 -6.01931e+00
0 -4.78809e+00 -6.01596e+00
0 -4.78809e+00 -6.01981e+00
0 -4.78809e+00 -6.02353e+00
0 -4.78809e+00 -6.02733e+00
0 -4.78809e+00 -6.02773e+00
0 -4.78809e+00 -6.03129e+00
0 -4.78809e+00 -6.03492e+00
0 -4.78809e+00 -6.03852e+00
0 -4.78809e+00 -6.04196e+00
0 -4.78809e+00 -6.04016e+00
0 -4.78809e+00 -6.02668e+00
0 -4.78809e+00 -6.03038e+00
0 -4.78809e+00 -6.03367e+00
0 -4.78809e+00 -6.03727e+00
0 -4.78809e+00 -6.03725e+00
0 -4.78809e+00 -6.02204e+00
0 -4.78809e+00 -6.01789e+00
0 -4.78809e+00 -6.01318e+00
0 -4.78809e+00 -6.01682e+00
0 -4.78809e+00 -6.02041e+00
0 -4.78809e+00 -6.02403e+00
0 -4.78809e+00 -6.02755e+00
0 -4.78809e+00 -6.03117e+00
0 -4.78809e+00 -6.03444e+00
0 -4.78809e+00 -6.03794e+00
0 -4.78809e+00 -6.04139e+00
0 -4.78809e+00 -6.04496e+00
0 -4.78809e+00 -6.04848e+00
0 -4.78809e+00 -6.03490e+00
0 -4.78809e+00 -6.03833e+00
0 -4.78809e+00 -6.03976e+00
0 -4.78809e+00 -6.04273e+00
0 -4.78809e+00 -6.03839e+00
0 -4.78809e+00 -6.04179e+00
0 -4.78809e+00 -6.04517e+00
0 -4.78809e+00 -6.03015e+00
0 -4.78809e+00 -6.03150e+00
0 -4.78809e+00 -6.03493e+00
0 -4.78809e+00 -6.03759e+00
0 -4.78809e+00 -6.04006e+00
0 -4.78809e+00 -6.04341e+00
0 -4.78809e+00 -6.03981e+00
0 -4.78809e+00 -6.04299e+00
0 -4.78809e+00 -6.04630e+00
0 -4.78809e+00 -6.04556e+00
0 -4.78809e+00 -6.04739e+00
0 -4.78809e+00 -6.05067e+00
0 -4.78809e+00 -6.05279e+00
0 -4.78809e+00 -6.05607e+00
0 -4.78809e+00 -6.04902e+00
0 -4.78809e+00 -6.04693e+00
0 -4.78809e+00 -6.05007e+00
0 -4.78809e+00 -6.05330e+00
0 -4.78809e+00 -6.05307e+00
0 -4.78809e+00 -6.05631e+00
0 -4.78809e+00 -6.05964e+00
0 -4.78809e+00 -6.04480e+00
0 -4.78809e+00 -6.03535e+00
0 -4.78809e+00 -6.03766e+00
0 -4.78809e+00 -6.03973e+00
0 -4.78809e+00 -6.04107e+00
0 -4.78809e+00 -6.04433e+00
0 -4.78809e+00 -6.04678e+00
0 -4.78809e+00 -6.04153e+00
0 -4.78809e+00 -6.04480e+00
0 -4.78809e+00 -6.04538e+00
0 -4.78809e+00 -6.04748e+00
0 -4.78809e+00 -6.05061e+00
0 -4.78809e+00 -6.05385e+00
0 -4.78809e+00 -6.05708e+00
0 -4.78809e+00 -6.06028e+00
0 -4.78809e+00 -6.05867e+00
0 -4.78809e+00 -6.04993e+00
0 -4.78809e+00 -6.05313e+00
0 -4.78809e+00 -6.05619e+00
0 -4.78809e+00 -6.05676e+00
0 -4.78809e+00 -6.05980e+00
0 -4.78809e+00 -6.06145e+00
0 -4.78809e+00 -6.06460e+00
0 -4.78809e+00 -6.06764e+00
0 -4.78809e+00 -6.06973e+00
0 -4.78809e+00 -6.06001e+00
0 -4.78809e+00 -6.06124e+00
0 -4.78809e+00 -6.06427e+00
0 -4.78809e+00 -6.06734e+00
0 -4.78809e+00 -6.06897e+00
0 -4.78809e+00 -6.07207e+00
0 -4.78809e+00 -6.07456e+00
0 -4.78809e+00 -6.07757e+00
0 -4.78809e+00 -6.08054e+00
0 -4.78809e+00 -6.08174e+00
0 -4.78809e+00 -6.08467e+00
0 -4.78809e+00 -6.08774e+00
0 -4.78809e+00 -6.09066e+00
0 -4.78809e+00 -6.08790e+00
0 -4.78809e+00 -6.09083e+00
0 -4.78809e+00 -6.09378e+00
0 -4.78809e+00 -6.09680e+00
0 -4.78809e+00 -6.09607e+00
0 -4.78809e+00 -6.09900e+00
0 -4.78809e+00 -6.10187e+00
0 -4.78809e+00 -6.10276e+00
0 -4.78809e+00 -6.10357e+00
0 -4.78809e+00 -6.10497e+00
0 -4.78809e+00 -6.10784e+00
0 -4.78809e+00 -6.10916e+00
0 -4.78809e+00 -6.11199e+00
0 -4.78809e+00 -6.11480e+00
0 -4.78809e+00 -6.11762e+00
0 -4.78809e+00 -6.12042e+00
0 -4.78809e+00 -6.12322e+00
0 -4.78809e+00 -6.11430e+00
0 -4.78809e+00 -6.11722e+00
0 -4.78809e+00 -6.12003e+00
0 -4.78809e+00 -6.11991e+00
0 -4.78809e+00 -6.12166e+00
0 -4.78809e+00 -6.12445e+00
0 -4.78809e+00 -6.12731e+00
0 -4.78809e+00 -6.13005e+00
0 -4.78809e+00 -6.12522e+00
0 -4.78809e+00 -6.11554e+00
0 -4.78809e+00 -6.11285e+00
0 -4.78809e+00 -6.11564e+00
0 -4.78809e+00 -6.11837e+00
0 -4.78809e+00 -6.10376e+00
0 -4.78809e+00 -6.10588e+00
0 -4.78809e+00 -6.09045e+00
0 -4.78809e+00 -6.07823e+00
0 -4.78809e+00 -6.06613e+00
0 -4.78809e+00 -6.06408e+00
0 -4.78809e+00 -6.06690e+00
0 -4.78809e+00 -6.05961e+00
0 -4.78809e+00 -6.06245e+00
0 -4.78809e+00 -6.05951e+00
0 -4.78809e+00 -6.06234e+00
0 -4.78809e+00 -6.06509e+00
0 -4.78809e+00 -6.06658e+00
0 -4.78809e+00 -6.06937e+00
0 -4.78809e+00 -6.07209e+00
0 -4.78809e+00 -6.07471e+00
0 -4.78809e+00 -6.07699e+00
0 -4.78809e+00 -6.07953e+00
0 -4.78809e+00 -6.06622e+00
0 -4.78809e+00 -6.06846e+00
0 -4.78809e+00 -6.07113e+00
0 -4.78809e+00 -6.07189e+00
0 -4.78809e+00 -6.07394e+00
0 -4.78809e+00 -6.07666e+00
0 -4.78809e+00 -6.07582e+00
0 -4.78809e+00 -6.07773e+00
0 -4.78809e+00 -6.06370e+00
0 -4.78809e+00 -6.06579e+00
0 -4.78809e+00 -6.06843e+00
0 -4.78809e+00 -6.07111e+00
0 -4.78809e+00 -6.07382e+00
0 -4.78809e+00 -6.06450e+00
0 -4.78809e+00 -6.06554e+00
0 -4.78809e+00 -6.06321e+00
0 -4.78809e+00 -6.06579e+00
0 -4.78809e+00 -6.06837e+00
0 -4.78809e+00 -6.07083e+00
0 -4.78809e+00 -6.06997e+00
0 -4.78809e+00 -6.07264e+00
0 -4.78809e+00 -6.07525e+00
0 -4.78809e+00 -6.07787e+00
0 -4.78809e+00 -6.07659e+00
0 -4.78809e+00 -6.07896e+00
0 -4.78809e+00 -6.08149e+00
0 -4.78809e+00 -6.08374e+00
0 -4.78809e+00 -6.07967e+00
0 -4.78809e+00 -6.08227e+00
0 -4.78809e+00 -6.08478e+00
0 -4.78809e+00 -6.07314e+00
0 -4.78809e+00 -6.07574e+00
0 -4.78809e+00 -6.07174e+00
0 -4.78809e+00 -6.07426e+00
0 -4.78809e+00 -6.07274e+00
0 -4.78809e+00 -6.07138e+00
0 -4.78809e+00 -6.07395e+00
0 -4.78809e+00 -6.07616e+00
0 -4.78809e+00 -6.07874e+00
0 -4.78809e+00 -6.07791e+00
0 -4.78809e+00 -6.08038e+00
0 -4.78809e+00 -6.08295e+00
0 -4.78809e+00 -6.08463e+00
0 -4.78809e+00 -6.08713e+00
0 -4.78809e+00 -6.08960e+00
0 -4.78809e+00 -6.09215e+00
0 -4.78809e+00 -6.09466e+00
0 -4.78809e+00 -6.09715e+00
0 -4.78809e+00 -6.09719e+00
0 -4.78809e+00 -6.09835e+00
0 -4.78809e+00 -6.08902e+00
0 -4.78809e+00 -6.09149e+00
0 -4.78809e+00 -6.09392e+00
0 -4.78809e+00 -6.09641e+00
0 -4.78809e+00 -6.09834e+00
0 -4.78809e+00 -6.10074e+00
0 -4.78809e+00 -6.10318e+00
0 -4.78809e+00 -6.10559e+00
0 -4.78809e+00 -6.10796e+00
0 -4.78809e+00 -6.10861e+00
0 -4.78809e+00 -6.11098e+00
0 -4.78809e+00 -6.11333e+00
0 -4.78809e+00 -6.11569e+00
0 -4.78809e+00 -6.11699e+00
0 -4.78809e+00 -6.11937e+00
0 -4.78809e+00 -6.12178e+00
0 -4.78809e+00 -6.12412e+00
0 -4.78809e+00 -6.12646e+00
0 -4.78809e+00 -6.12168e+00
0 -4.78809e+00 -6.12402e+00
0 -4.78809e+00 -6.11610e+00
0 -4.78809e+00 -6.11847e+00
0 -4.78809e+00 -6.11420e+00
0 -4.78809e+00 -6.11656e+00
0 -4.78809e+00 -6.11892e+00
0 -4.78809e+00 -6.11861e+00
0 -4.78809e+00 -6.11457e+00
0 -4.78809e+00 -6.10358e+00
0 -4.78809e+00 -6.10591e+00
0 -4.78809e+00 -6.10823e+00
0 -4.78809e+00 -6.11011e+00
0 -4.78809e+00 -6.09951e+00
0 -4.78809e+00 -6.09135e+00
0 -4.78809e+00 -6.09364e+00
0 -4.78809e+00 -6.09564e+00
0 -4.78809e+00 -6.09241e+00
0 -4.78809e+00 -6.09472e+00
0 -4.78809e+00 -6.09660e+00
0 -4.78809e+00 -6.09269e+00
0 -4.78809e+00 -6.09354e+00
0 -4.78809e+00 -6.08165e+00
0 -4.78809e+00 -6.07808e+00
0 -4.78809e+00 -6.08035e+00
0 -4.78809e+00 -6.08262e+00
0 -4.78809e+00 -6.07243e+00
0 -4.78809e+00 -6.07477e+00
0 -4.78809e+00 -6.07707e+00
0 -4.78809e+00 -6.07429e+00
0 -4.78809e+00 -6.07377e+00
0 -4.78809e+00 -6.07601e+00
0 -4.78809e+00 -6.07545e+00
0 -4.78809e+00 -6.07322e+00
0 -4.78809e+00 -6.07435e+00
0 -4.78809e+00 -6.07552e+00
0 -4.78809e+00 -6.07235e+00
0 -4.78809e+00 -6.07456e+00
0 -4.78809e+00 -6.07679e+00
0 -4.78809e+00 -6.07895e+00
0 -4.78809e+00 -6.08117e+00
0 -4.78809e+00 -6.07180e+00
0 -4.78809e+00 -6.07406e+00
0 -4.78809e+00 -6.07244e+00
0 -4.78809e+00 -6.07468e+00
0 -4.78809e+00 -6.07411e+00
0 -4.78809e+00 -6.06486e+00
0 -4.78809e+00 -6.06596e+00
0 -4.78809e+00 -6.06815e+00
0 -4.78809e+00 -6.07042e+00
0 -4.78809e+00 -6.06419e+00
0 -4.78809e+00 -6.06530e+00
0 -4.78809e+00 -6.06589e+00
0 -4.78809e+00 -6.06297e+00
0 -4.78809e+00 -6.06519e+00
0 -4.78809e+00 -6.06739e+00
0 -4.78809e+00 -6.06892e+00
0 -4.78809e+00 -6.05792e+00
0 -4.78809e+00 -6.05923e+00
0 -4.78809e+00 -6.06128e+00
0 -4.78809e+00 -6.05156e+00
0 -4.78809e+00 -6.05376e+00
0 -4.78809e+00 -6.05568e+00
0 -4.78809e+00 -6.05763e+00
0 -4.78809e+00 -6.05576e+00
0 -4.78809e+00 -6.05789e+00
0 -4.78809e+00 -6.06002e+00
0 -4.78809e+00 -6.05167e+00
0 -4.78809e+00 -6.05389e+00
0 -4.78809e+00 -6.05607e+00
0 -4.78809e+00 -6.05819e+00
0 -4.78809e+00 -6.06031e+00
0 -4.78809e+00 -6.06247e+00
0 -4.78809e+00 -6.05431e+00
0 -4.78809e+00 -6.05641e+00
0 -4.78809e+00 -6.05858e+00
0 -4.78809e+00 -6.05800e+00
0 -4.78809e+00 -6.05622e+00
0 -4.78809e+00 -6.05839e+00
0 -4.78809e+00 -6.05681e+00
0 -4.78809e+00 -6.05890e+00
0 -4.78809e+00 -6.06107e+00
0 -4.78809e+00 -6.06315e+00
0 -4.78809e+00 -6.06531e+00
0 -4.78809e+00 -6.05913e+00
0 -4.78809e+00 -6.06083e+00
0 -4.78809e+00 -6.06289e+00
0 -4.78809e+00 -6.05835e+00
0 -4.78809e+00 -6.05980e+00
0 -4.78809e+00 -6.06186e+00
0 -4.78809e+00 -6.05679e+00
0 -4.78809e+00 -6.04731e+00
0 -4.78809e+00 -6.04938e+00
0 -4.78809e+00 -6.04939e+00
0 -4.78809e+00 -6.05149e+00
0 -4.78809e+00 -6.05355e+00
0 -4.78809e+00 -6.04549e+00
0 -4.78809e+00 -6.04499e+00
0 -4.78809e+00 -6.04480e+00
0 -4.78809e+00 -6.04692e+00
0 -4.78809e+00 -6.04897e+00
0 -4.78809e+00 -6.05100e+00
0 -4.78809e+00 -6.05258e+00
0 -4.78809e+00 -6.04576e+00
0 -4.78809e+00 -6.04451e+00
0 -4.78809e+00 -6.04070e+00
0 -4.78809e+00 -6.04238e+00
0 -4.78809e+00 -6.04446e+00
0 -4.78809e+00 -6.04651e+00
0 -4.78809e+00 -6.04345e+00
0 -4.78809e+00 -6.04298e+00
0 -4.78809e+00 -6.04502e+00
0 -4.78809e+00 -6.04625e+00
0 -4.78809e+00 -6.04832e+00
0 -4.78809e+00 -6.05032e+00
0 -4.78809e+00 -6.04693e+00
0 -4.78809e+00 -6.04857e+00
0 -4.78809e+00 -6.04383e+00
0 -4.78809e+00 -6.03524e+00
0 -4.78809e+00 -6.03239e+00
0 -4.78809e+00 -6.03443e+00
0 -4.78809e+00 -6.03641e+00
0 -4.78809e+00 -6.03843e+00
0 -4.78809e+00 -6.04043e+00
0 -4.78809e+00 -6.03811e+00
0 -4.78809e+00 -6.03923e+00
0 -4.78809e+00 -6.04126e+00
0 -4.78809e+00 -6.04321e+00
0 -4.78809e+00 -6.04517e+00
0 -4.78809e+00 -6.03923e+00
0 -4.78809e+00 -6.02996e+00
0 -4.78809e+00 -6.03132e+00
0 -4.78809e+00 -6.03331e+00
0 -4.78809e+00 -6.03197e+00
0 -4.78809e+00 -6.03391e+00
0 -4.78809e+00 -6.03217e+00
0 -4.78809e+00 -6.02936e+00
0 -4.78809e+00 -6.03136e+00
0 -4.78809e+00 -6.03332e+00
0 -4.78809e+00 -6.03532e+00
0 -4.78809e+00 -6.03648e+00
0 -4.78809e+00 -6.03840e+00
0 -4.78809e+00 -6.03521e+00
0 -4.78809e+00 -6.02840e+00
0 -4.78809e+00 -6.03032e+00
0 -4.78809e+00 -6.03189e+00
0 -4.78809e+00 -6.03385e+00
0 -4.78809e+00 -6.03580e+00
0 -4.78809e+00 -6.03775e+00
0 -4.78809e+00 -6.03967e+00
0 -4.78809e+00 -6.04164e+00
0 -4.78809e+00 -6.04289e+00
0 -4.78809e+00 -6.03459e+00
0 -4.78809e+00 -6.03562e+00
0 -4.78809e+00 -6.03349e+00
0 -4.78809e+00 -6.03539e+00
0 -4.78809e+00 -6.03310e+00
0 -4.78809e+00 -6.03502e+00
0 -4.78809e+00 -6.03695e+00
0 -4.78809e+00 -6.03856e+00
0 -4.78809e+00 -6.03909e+00
0 -4.78809e+00 -6.04000e+00
0 -4.78809e+00 -6.04065e+00
0 -4.78809e+00 -6.04257e+00
0 -4.78809e+00 -6.04002e+00
0 -4.78809e+00 -6.03695e+00
0 -4.78809e+00 -6.03860e+00
0 -4.78809e+00 -6.03856e+00
0 -4.78809e+00 -6.04042e+00
0 -4.78809e+00 -6.04233e+00
0 -4.78809e+00 -6.04425e+00
0 -4.78809e+00 -6.04597e+00
0 -4.78809e+00 -6.04041e+00
0 -4.78809e+00 -6.03918e+00
0 -4.78809e+00 -6.03843e+00
0 -4.78809e+00 -6.04031e+00
0 -4.78809e+00 -6.03988e+00
0 -4.78809e+00 -6.04177e+00
0 -4.78809e+00 -6.04360e+00
0 -4.78809e+00 -6.04545e+00
0 -4.78809e+00 -6.03611e+00
0 -4.78809e+00 -6.03795e+00
0 -4.78809e+00 -6.03968e+00
0 -4.78809e+00 -6.04149e+00
0 -4.78809e+00 -6.03692e+00
0 -4.78809e+00 -6.03723e+00
0 -4.78809e+00 -6.02777e+00
0 -4.78809e+00 -6.02965e+00
0 -4.78809e+00 -6.03027e+00
0 -4.78809e+00 -6.03211e+00
0 -4.78809e+00 -6.03185e+00
0 -4.78809e+00 -6.02402e+00
0 -4.78809e+00 -6.02582e+00
0 -4.78809e+00 -6.02660e+00
0 -4.78809e+00 -6.02846e+00
0 -4.78809e+00 -6.02053e+00
0 -4.78809e+00 -6.02135e+00
0 -4.78809e+00 -6.02318e+00
0 -4.78809e+00 -6.02497e+00
0 -4.78809e+00 -6.02681e+00
0 -4.78809e+00 -6.02859e+00
0 -4.78809e+00 -6.03037e+00
0 -4.78809e+00 -6.03189e+00
0 -4.78809e+00 -6.03367e+00
0 -4.78809e+00 -6.03546e+00
0 -4.78809e+00 -6.03703e+00
0 -4.78809e+00 -6.03883e+00
0 -4.78809e+00 -6.04063e+00
0 -4.78809e+00 -6.04243e+00
0 -4.78809e+00 -6.04199e+00
0 -4.78809e+00 -6.04376e+00
0 -4.78809e+00 -6.04557e+00
0 -4.78809e+00 -6.04521e+00
0 -4.78809e+00 -6.04695e+00
0 -4.78809e+00 -6.04877e+00
0 -4.78809e+00 -6.05058e+00
0 -4.78809e+00 -6.05238e+00
0 -4.78809e+00 -6.05281e+00
0 -4.78809e+00 -6.05456e+00
0 -4.78809e+00 -6.05632e+00
0 -4.78809e+00 -6.05806e+00
0 -4.78809e+00 -6.05978e+00
0 -4.78809e+00 -6.06136e+00
0 -4.78809e+00 -6.05354e+00
0 -4.78809e+00 -6.05409e+00
0 -4.78809e+00 -6.04845e+00
0 -4.78809e+00 -6.05011e+00
0 -4.78809e+00 -6.04907e+00
0 -4.78809e+00 -6.05079e+00
0 -4.78809e+00 -6.05254e+00
0 -4.78809e+00 -6.04690e+00
0 -4.78809e+00 -6.04864e+00
0 -4.78809e+00 -6.04956e+00
0 -4.78809e+00 -6.05127e+00
0 -4.78809e+00 -6.05272e+00
0 -4.78809e+00 -6.05441e+00
0 -4.78809e+00 -6.05618e+00
0 -4.78809e+00 -6.05174e+00
0 -4.78809e+00 -6.04888e+00
0 -4.78809e+00 -6.05061e+00
0 -4.78809e+00 -6.05236e+00
0 -4.78809e+00 -6.05404e+00
0 -4.78809e+00 -6.05578e+00
0 -4.78809e+00 -6.05180e+00
0 -4.78809e+00 -6.05354e+00
0 -4.78809e+00 -6.05251e+00
0 -4.78809e+00 -6.04393e+00
0 -4.78809e+00 -6.04551e+00
0 -4.78809e+00 -6.04429e+00
0 -4.78809e+00 -6.04587e+00
0 -4.78809e+00 -6.04759e+00
0 -4.78809e+00 -6.04624e+00
0 -4.78809e+00 -6.04274e+00
0 -4.78809e+00 -6.04251e+00
0 -4.78809e+00 -6.04417e+00
0 -4.78809e+00 -6.04583e+00
0 -4.78809e+00 -6.04751e+00
0 -4.78809e+00 -6.04599e+00
0 -4.78809e+00 -6.04769e+00
0 -4.78809e+00 -6.04923e+00
0 -4.78809e+00 -6.05088e+00
0 -4.78809e+00 -6.05253e+00
0 -4.78809e+00 -6.04558e+00
0 -4.78809e+00 -6.04715e+00
0 -4.78809e+00 -6.04881e+00
0 -4.78809e+00 -6.05044e+00
0 -4.78809e+00 -6.05192e+00
0 -4.78809e+00 -6.05322e+00
0 -4.78809e+00 -6.05484e+00
0 -4.78809e+00 -6.05526e+00
0 -4.78809e+00 -6.05688e+00
0 -4.78809e+00 -6.05849e+00
0 -4.78809e+00 -6.06013e+00
0 -4.78809e+00 -6.06131e+00
0 -4.78809e+00 -6.05927e+00
0 -4.78809e+00 -6.05052e+00
0 -4.78809e+00 -6.05220e+00
0 -4.78809e+00 -6.05383e+00
0 -4.78809e+00 -6.05544e+00
0 -4.78809e+00 -6.05705e+00
0 -4.78809e+00 -6.05868e+00
0 -4.78809e+00 -6.06034e+00
0 -4.78809e+00 -6.06194e+00
0 -4.78809e+00 -6.06361e+00
0 -4.78809e+00 -6.05594e+00
0 -4.78809e+00 -6.05185e+00
0 -4.78809e+00 -6.05345e+00
0 -4.78809e+00 -6.05511e+00
0 -4.78809e+00 -6.05659e+00
0 -4.78809e+00 -6.05825e+00
0 -4.78809e+00 -6.05934e+00
0 -4.78809e+00 -6.06100e+00
0 -4.78809e+00 -6.06229e+00
0 -4.78809e+00 -6.06392e+00
0 -4.78809e+00 -6.06553e+00
0 -4.78809e+00 -6.06644e+00
0 -4.78809e+00 -6.06705e+00
0 -4.78809e+00 -6.06864e+00
0 -4.78809e+00 -6.06944e+00
0 -4.78809e+00 -6.06606e+00
0 -4.78809e+00 -6.06677e+00
0 -4.78809e+00 -6.06840e+00
0 -4.78809e+00 -6.06995e+00
0 -4.78809e+00 -6.06984e+00
0 -4.78809e+00 -6.07140e+00
0 -4.78809e+00 -6.07297e+00
0 -4.78809e+00 -6.07452e+00
0 -4.78809e+00 -6.07390e+00
0 -4.78809e+00 -6.07546e+00
0 -4.78809e+00 -6.07702e+00
0 -4.78809e+00 -6.07860e+00
0 -4.78809e+00 -6.08011e+00
0 -4.78809e+00 -6.08170e+00
0 -4.78809e+00 -6.08324e+00
0 -4.78809e+00 -6.08477e+00
0 -4.78809e+00 -6.08631e+00
0 -4.78809e+00 -6.08431e+00
0 -4.78809e+00 -6.08423e+00
0 -4.78809e+00 -6.08431e+00
0 -4.78809e+00 -6.08270e+00
0 -4.78809e+00 -6.08426e+00
0 -4.78809e+00 -6.08565e+00
0 -4.78809e+00 -6.08721e+00
0 -4.78809e+00 -6.08877e+00
0 -4.78809e+00 -6.09030e+00
0 -4.78809e+00 -6.09186e+00
0 -4.78809e+00 -6.09342e+00
0 -4.78809e+00 -6.09497e+00
0 -4.78809e+00 -6.08843e+00
0 -4.78809e+00 -6.08969e+00
0 -4.78809e+00 -6.09064e+00
0 -4.78809e+00 -6.09211e+00
0 -4.78809e+00 -6.09339e+00
0 -4.78809e+00 -6.09444e+00
0 -4.78809e+00 -6.08893e+00
0 -4.78809e+00 -6.09044e+00
0 -4.78809e+00 -6.09184e+00
0 -4.78809e+00 -6.08511e+00
0 -4.78809e+00 -6.08663e+00
0 -4.78809e+00 -6.08816e+00
0 -4.78809e+00 -6.08933e+00
0 -4.78809e+00 -6.09085e+00
0 -4.78809e+00 -6.09237e+00
0 -4.78809e+00 -6.09369e+00
0 -4.78809e+00 -6.09522e+00
0 -4.78809e+00 -6.08945e+00
0 -4.78809e+00 -6.09098e+00
0 -4.78809e+00 -6.08524e+00
0 -4.78809e+00 -6.08674e+00
0 -4.78809e+00 -6.08825e+00
0 -4.78809e+00 -6.08974e+00
0 -4.78809e+00 -6.08495e+00
0 -4.78809e+00 -6.08643e+00
0 -4.78809e+00 -6.08701e+00
0 -4.78809e+00 -6.08853e+00
0 -4.78809e+00 -6.09006e+00
0 -4.78809e+00 -6.09154e+00
0 -4.78809e+00 -6.09152e+00
0 -4.78809e+00 -6.09301e+00
0 -4.78809e+00 -6.09453e+00
0 -4.78809e+00 -6.09039e+00
0 -4.78809e+00 -6.09062e+00
0 -4.78809e+00 -6.09209e+00
0 -4.78809e+00 -6.09361e+00
0 -4.78809e+00 -6.09507e+00
0 -4.78809e+00 -6.09486e+00
0 -4.78809e+00 -6.09295e+00
0 -4.78809e+00 -6.08717e+00
0 -4.78809e+00 -6.08863e+00
0 -4.78809e+00 -6.09012e+00
0 -4.78809e+00 -6.09083e+00
0 -4.78809e+00 -6.09230e+00
0 -4.78809e+00 -6.08690e+00
0 -4.78809e+00 -6.08841e+00
0 -4.78809e+00 -6.08985e+00
0 -4.78809e+00 -6.09133e+00
0 -4.78809e+00 -6.09278e+00
0 -4.78809e+00 -6.09365e+00
0 -4.78809e+00 -6.09512e+00
0 -4.78809e+00 -6.09661e+00
0 -4.78809e+00 -6.09566e+00
0 -4.78809e+00 -6.09714e+00
0 -4.78809e+00 -6.09112e+00
0 -4.78809e+00 -6.09060e+00
0 -4.78809e+00 -6.08481e+00
0 -4.78809e+00 -6.08615e+00
0 -4.78809e+00 -6.08760e+00
0 -4.78809e+00 -6.08902e+00
0 -4.78809e+00 -6.08856e+00
0 -4.78809e+00 -6.08998e+00
0 -4.78809e+00 -6.08961e+00
0 -4.78809e+00 -6.09050e+00
0 -4.78809e+00 -6.08917e+00
0 -4.78809e+00 -6.09064e+00
0 -4.78809e+00 -6.08906e+00
0 -4.78809e+00 -6.08883e+00
0 -4.78809e+00 -6.09029e+00
0 -4.78809e+00 -6.09170e+00
0 -4.78809e+00 -6.09269e+00
0 -4.78809e+00 -6.08967e+00
0 -4.78809e+00 -6.08590e+00
0 -4.78809e+00 -6.08730e+00
0 -4.78809e+00 -6.08635e+00
0 -4.78809e+00 -6.08780e+00
0 -4.78809e+00 -6.08921e+00
0 -4.78809e+00 -6.09066e+00
0 -4.78809e+00 -6.09208e+00
0 -4.78809e+00 -6.09067e+00
0 -4.78809e+00 -6.08841e+00
0 -4.78809e+00 -6.08980e+00
0 -4.78809e+00 -6.08794e+00
0 -4.78809e+00 -6.08933e+00
0 -4.78809e+00 -6.09073e+00
0 -4.78809e+00 -6.09177e+00
0 -4.78809e+00 -6.09317e+00
0 -4.78809e+00 -6.09442e+00
0 -4.78809e+00 -6.09586e+00
0 -4.78809e+00 -6.09727e+00
0 -4.78809e+00 -6.09839e+00
0 -4.78809e+00 -6.09982e+00
0 -4.78809e+00 -6.10121e+00
0 -4.78809e+00 -6.10014e+00
0 -4.78809e+00 -6.10154e+00
0 -4.78809e+00 -6.10293e+00
0 -4.78809e+00 -6.10176e+00
0 -4.78809e+00 -6.10318e+00
0 -4.78809e+00 -6.10456e+00
0 -4.78809e+00 -6.10595e+00
0 -4.78809e+00 -6.10451e+00
0 -4.78809e+00 -6.10559e+00
0 -4.78809e+00 -6.10697e+00
0 -4.78809e+00 -6.10830e+00
0 -4.78809e+00 -6.10968e+00
0 -4.78809e+00 -6.11058e+00
0 -4.78809e+00 -6.11198e+00
0 -4.78809e+00 -6.11311e+00
0 -4.78809e+00 -6.11369e+00
0 -4.78809e+00 -6.11509e+00
0 -4.78809e+00 -6.11558e+00
0 -4.78809e+00 -6.11558e+00
0 -4.78809e+00 -6.11696e+00
0 -4.78809e+00 -6.11819e+00
0 -4.78809e+00 -6.11909e+00
0 -4.78809e+00 -6.11462e+00
0 -4.78809e+00 -6.11444e+00
0 -4.78809e+00 -6.11522e+00
0 -4.78809e+00 -6.11656e+00
0 -4.78809e+00 -6.11588e+00
0 -4.78809e+00 -6.11680e+00
0 -4.78809e+00 -6.11243e+00
0 -4.78809e+00 -6.11285e+00
0 -4.78809e+00 -6.11353e+00
0 -4.78809e+00 -6.10872e+00
0 -4.78809e+00 -6.11004e+00
0 -4.78809e+00 -6.11060e+00
0 -4.78809e+00 -6.10349e+00
0 -4.78809e+00 -6.10308e+00
0 -4.78809e+00 -6.10441e+00
0 -4.78809e+00 -6.10548e+00
0 -4.78809e+00 -6.10680e+00
0 -4.78809e+00 -6.10396e+00
0 -4.78809e+00 -6.10527e+00
0 -4.78809e+00 -6.10591e+00
0 -4.78809e+00 -6.10712e+00
0 -4.78809e+00 -6.10401e+00
0 -4.78809e+00 -6.10134e+00
0 -4.78809e+00 -6.10265e+00
0 -4.78809e+00 -6.10398e+00
0 -4.78809e+00 -6.10535e+00
0 -4.78809e+00 -6.10666e+00
0 -4.78809e+00 -6.10682e+00
0 -4.78809e+00 -6.10814e+00
0 -4.78809e+00 -6.10948e+00
0 -4.78809e+00 -6.11079e+00
0 -4.78809e+00 -6.11212e+00
0 -4.78809e+00 -6.11346e+00
0 -4.78809e+00 -6.11453e+00
0 -4.78809e+00 -6.11588e+00
0 -4.78809e+00 -6.11719e+00
0 -4.78809e+00 -6.11847e+00
0 -4.78809e+00 -6.11280e+00
0 -4.78809e+00 -6.11036e+00
0 -4.78809e+00 -6.10927e+00
0 -4.78809e+00 -6.11055e+00
0 -4.78809e+00 -6.11186e+00
0 -4.78809e+00 -6.11299e+00
0 -4.78809e+00 -6.11432e+00
0 -4.78809e+00 -6.10831e+00
0 -4.78809e+00 -6.10776e+00
0 -4.78809e+00 -6.10906e+00
0 -4.78809e+00 -6.10436e+00
0 -4.78809e+00 -6.10567e+00
0 -4.78809e+00 -6.10505e+00
0 -4.78809e+00 -6.10635e+00
0 -4.78809e+00 -6.10763e+00
0 -4.78809e+00 -6.10877e+00
0 -4.78809e+00 -6.10973e+00
0 -4.78809e+00 -6.10690e+00
0 -4.78809e+00 -6.10757e+00
0 -4.78809e+00 -6.10684e+00
0 -4.78809e+00 -6.10811e+00
0 -4.78809e+00 -6.10938e+00
0 -4.78809e+00 -6.11066e+00
0 -4.78809e+00 -6.11178e+00
0 -4.78809e+00 -6.11304e+00
0 -4.78809e+00 -6.11395e+00
0 -4.78809e+00 -6.11512e+00
0 -4.78809e+00 -6.11325e+00
0 -4.78809e+00 -6.10763e+00
0 -4.78809e+00 -6.10893e+00
0 -4.78809e+00 -6.10989e+00
0 -4.78809e+00 -6.11118e+00
0 -4.78809e+00 -6.10580e+00
0 -4.78809e+00 -6.09982e+00
0 -4.78809e+00 -6.09760e+00
0 -4.78809e+00 -6.09773e+00
0 -4.78809e+00 -6.09904e+00
0 -4.78809e+00 -6.10030e+00
0 -4.78809e+00 -6.10155e+00
0 -4.78809e+00 -6.10214e+00
0 -4.78809e+00 -6.10218e+00
0 -4.78809e+00 -6.09917e+00
0 -4.78809e+00 -6.09955e+00
0 -4.78809e+00 -6.10084e+00
0 -4.78809e+00 -6.09442e+00
0 -4.78809e+00 -6.09572e+00
0 -4.78809e+00 -6.09189e+00
0 -4.78809e+00 -6.09316e+00
0 -4.78809e+00 -6.09440e+00
0 -4.78809e+00 -6.09569e+00
0 -4.78809e+00 -6.09647e+00
0 -4.78809e+00 -6.09617e+00
0 -4.78809e+00 -6.09476e+00
0 -4.78809e+00 -6.09453e+00
0 -4.78809e+00 -6.08925e+00
0 -4.78809e+00 -6.08902e+00
0 -4.78809e+00 -6.08794e+00
0 -4.78809e+00 -6.08923e+00
0 -4.78809e+00 -6.09046e+00
0 -4.78809e+00 -6.09169e+00
0 -4.78809e+00 -6.09294e+00
0 -4.78809e+00 -6.08960e+00
0 -4.78809e+00 -6.09083e+00
0 -4.78809e+00 -6.09207e+00
0 -4.78809e+00 -6.09125e+00
0 -4.78809e+00 -6.08578e+00
0 -4.78809e+00 -6.08686e+00
0 -4.78809e+00 -6.08517e+00
0 -4.78809e+00 -6.08624e+00
0 -4.78809e+00 -6.08568e+00
0 -4.78809e+00 -6.08047e+00
0 -4.78809e+00 -6.08131e+00
0 -4.78809e+00 -6.08200e+00
0 -4.78809e+00 -6.08322e+00
0 -4.78809e+00 -6.08421e+00
0 -4.78809e+00 -6.08525e+00
0 -4.78809e+00 -6.08471e+00
0 -4.78809e+00 -6.07980e+00
0 -4.78809e+00 -6.07961e+00
0 -4.78809e+00 -6.07816e+00
0 -4.78809e+00 -6.07762e+00
0 -4.78809e+00 -6.07877e+00
0 -4.78809e+00 -6.07998e+00
0 -4.78809e+00 -6.08108e+00
0 -4.78809e+00 -6.08064e+00
0 -4.78809e+00 -6.08106e+00
0 -4.78809e+00 -6.08223e+00
0 -4.78809e+00 -6.08348e+00
0 -4.78809e+00 -6.08468e+00
0 -4.78809e+00 -6.08488e+00
0 -4.78809e+00 -6.08607e+00
0 -4.78809e+00 -6.08727e+00
0 -4.78809e+00 -6.08850e+00
0 -4.78809e+00 -6.08974e+00
0 -4.78809e+00 -6.09053e+00
0 -4.78809e+00 -6.08868e+00
0 -4.78809e+00 -6.08906e+00
0 -4.78809e+00 -6.09025e+00
0 -4.78809e+00 -6.09113e+00
0 -4.78809e+00 -6.09009e+00
0 -4.78809e+00 -6.08386e+00
0 -4.78809e+00 -6.08405e+00
0 -4.78809e+00 -6.08527e+00
0 -4.78809e+00 -6.08649e+00
0 -4.78809e+00 -6.08772e+00
0 -4.78809e+00 -6.08785e+00
0 -4.78809e+00 -6.08905e+00
0 -4.78809e+00 -6.09027e+00
0 -4.78809e+00 -6.09149e+00
0 -4.78809e+00 -6.08660e+00
0 -4.78809e+00 -6.08781e+00
0 -4.78809e+00 -6.08588e+00
0 -4.78809e+00 -6.08706e+00
0 -4.78809e+00 -6.08715e+00
0 -4.78809e+00 -6.08833e+00
0 -4.78809e+00 -6.08955e+00
0 -4.78809e+00 -6.08704e+00
0 -4.78809e+00 -6.08820e+00
0 -4.78809e+00 -6.08810e+00
0 -4.78809e+00 -6.08854e+00
0 -4.78809e+00 -6.08897e+00
0 -4.78809e+00 -6.09018e+00
0 -4.78809e+00 -6.08757e+00
0 -4.78809e+00 -6.08773e+00
0 -4.78809e+00 -6.08890e+00
0 -4.78809e+00 -6.09006e+00
0 -4.78809e+00 -6.09122e+00
0 -4.78809e+00 -6.08842e+00
0 -4.78809e+00 -6.08926e+00
0 -4.78809e+00 -6.08422e+00
0 -4.78809e+00 -6.08540e+00
0 -4.78809e+00 -6.08606e+00
0 -4.78809e+00 -6.08694e+00
0 -4.78809e+00 -6.08175e+00
0 -4.78809e+00 -6.07969e+00
0 -4.78809e+00 -6.07857e+00
0 -4.78809e+00 -6.07490e+00
0 -4.78809e+00 -6.07030e+00
0 -4.78809e+00 -6.06929e+00
0 -4.78809e+00 -6.07044e+00
0 -4.78809e+00 -6.06769e+00
0 -4.78809e+00 -6.06886e+00
0 -4.78809e+00 -6.06956e+00
0 -4.78809e+00 -6.07076e+00
0 -4.78809e+00 -6.07192e+00
0 -4.78809e+00 -6.06925e+00
0 -4.78809e+00 -6.06889e+00
0 -4.78809e+00 -6.06959e+00
0 -4.78809e+00 -6.06926e+00
0 -4.78809e+00 -6.07007e+00
0 -4.78809e+00 -6.06372e+00
0 -4.78809e+00 -6.06490e+00
0 -4.78809e+00 -6.06056e+00
0 -4.78809e+00 -6.06171e+00
0 -4.78809e+00 -6.06083e+00
0 -4.78809e+00 -6.06201e+00
0 -4.78809e+00 -6.06031e+00
0 -4.78809e+00 -6.06147e+00
0 -4.78809e+00 -6.06264e+00
0 -4.78809e+00 -6.05983e+00
0 -4.78809e+00 -6.06101e+00
0 -4.78809e+00 -6.06215e+00
0 -4.78809e+00 -6.06328e+00
0 -4.78809e+00 -6.06441e+00
0 -4.78809e+00 -6.06373e+00
0 -4.78809e+00 -6.06014e+00
0 -4.78809e+00 -6.06130e+00
0 -4.78809e+00 -6.06243e+00
0 -4.78809e+00 -6.05973e+00
0 -4.78809e+00 -6.06086e+00
0 -4.78809e+00 -6.05924e+00
0 -4.78809e+00 -6.06041e+00
0 -4.78809e+00 -6.06154e+00
0 -4.78809e+00 -6.06268e+00
0 -4.78809e+00 -6.06383e+00
0 -4.78809e+00 -6.05934e+00
0 -4.78809e+00 -6.06047e+00
0 -4.78809e+00 -6.06163e+00
0 -4.78809e+00 -6.06278e+00
0 -4.78809e+00 -6.06094e+00
0 -4.78809e+00 -6.06206e+00
0 -4.78809e+00 -6.05819e+00
0 -4.78809e+00 -6.05436e+00
0 -4.78809e+00 -6.05409e+00
0 -4.78809e+00 -6.05525e+00
0 -4.78809e+00 -6.05279e+00
0 -4.78809e+00 -6.05395e+00
0 -4.78809e+00 -6.05507e+00
0 -4.78809e+00 -6.05618e+00
0 -4.78809e+00 -6.05615e+00
0 -4.78809e+00 -6.05731e+00
0 -4.78809e+00 -6.05689e+00
0 -4.78809e+00 -6.05653e+00
0 -4.78809e+00 -6.05766e+00
0 -4.78809e+00 -6.05851e+00
0 -4.78809e+00 -6.05964e+00
0 -4.78809e+00 -6.05984e+00
0 -4.78809e+00 -6.05929e+00
0 -4.78809e+00 -6.06043e+00
0 -4.78809e+00 -6.06050e+00
0 -4.78809e+00 -6.05961e+00
0 -4.78809e+00 -6.06066e+00
0 -4.78809e+00 -6.06118e+00
0 -4.78809e+00 -6.06190e+00
0 -4.78809e+00 -6.06302e+00
0 -4.78809e+00 -6.06414e+00
0 -4.78809e+00 -6.05831e+00
0 -4.78809e+00 -6.05780e+00
0 -4.78809e+00 -6.05890e+00
0 -4.78809e+00 -6.06000e+00
0 -4.78809e+00 -6.05937e+00
0 -4.78809e+00 -6.06047e+00
0 -4.78809e+00 -6.06143e+00
0 -4.78809e+00 -6.06216e+00
0 -4.78809e+00 -6.05741e+00
0 -4.78809e+00 -6.05851e+00
0 -4.78809e+00 -6.05962e+00
0 -4.78809e+00 -6.05955e+00
0 -4.78809e+00 -6.05960e+00
0 -4.78809e+00 -6.05808e+00
0 -4.78809e+00 -6.05511e+00
0 -4.78809e+00 -6.05620e+00
0 -4.78809e+00 -6.05730e+00
0 -4.78809e+00 -6.05828e+00
0 -4.78809e+00 -6.05555e+00
0 -4.78809e+00 -6.05666e+00
0 -4.78809e+00 -6.05777e+00
0 -4.78809e+00 -6.05889e+00
0 -4.78809e+00 -6.05944e+00
0 -4.78809e+00 -6.05912e+00
0 -4.78809e+00 -6.06011e+00
0 -4.78809e+00 -6.06123e+00
0 -4.78809e+00 -6.06234e+00
0 -4.78809e+00 -6.06341e+00
0 -4.78809e+00 -6.06452e+00
0 -4.78809e+00 -6.06397e+00
0 -4.78809e+00 -6.06491e+00
0 -4.78809e+00 -6.06446e+00
0 -4.78809e+00 -6.06556e+00
0 -4.78809e+00 -6.06644e+00
0 -4.78809e+00 -6.06593e+00
0 -4.78809e+00 -6.06651e+00
0 -4.78809e+00 -6.06757e+00
0 -4.78809e+00 -6.06783e+00
0 -4.78809e+00 -6.06501e+00
0 -4.78809e+00 -6.06608e+00
0 -4.78809e+00 -6.06717e+00
0 -4.78809e+00 -6.06826e+00
0 -4.78809e+00 -6.06775e+00
0 -4.78809e+00 -6.06884e+00
0 -4.78809e+00 -6.06953e+00
0 -4.78809e+00 -6.06712e+00
0 -4.78809e+00 -6.06820e+00
0 -4.78809e+00 -6.06724e+00
0 -4.78809e+00 -6.06566e+00
0 -4.78809e+00 -6.06643e+00
0 -4.78809e+00 -6.06451e+00
0 -4.78809e+00 -6.06509e+00
0 -4.78809e+00 -6.06585e+00
0 -4.78809e+00 -6.06689e+00
0 -4.78809e+00 -6.06796e+00
0 -4.78809e+00 -6.06901e+00
0 -4.78809e+00 -6.06493e+00
0 -4.78809e+00 -6.06571e+00
0 -4.78809e+00 -6.06675e+00
0 -4.78809e+00 -6.06782e+00
0 -4.78809e+00 -6.06734e+00
0 -4.78809e+00 -6.06700e+00
0 -4.78809e+00 -6.06804e+00
0 -4.78809e+00 -6.06909e+00
0 -4.78809e+00 -6.07011e+00
0 -4.78809e+00 -6.06426e+00
0 -4.78809e+00 -6.06531e+00
0 -4.78809e+00 -6.06634e+00
0 -4.78809e+00 -6.06737e+00
0 -4.78809e+00 -6.06845e+00
0 -4.78809e+00 -6.06948e+00
0 -4.78809e+00 -6.06562e+00
0 -4.78809e+00 -6.06668e+00
0 -4.78809e+00 -6.06654e+00
0 -4.78809e+00 -6.06742e+00
0 -4.78809e+00 -6.06681e+00
0 -4.78809e+00 -6.06458e+00
0 -4.78809e+00 -6.06162e+00
0 -4.78809e+00 -6.06267e+00
0 -4.78809e+00 -6.06371e+00
0 -4.78809e+00 -6.06476e+00
0 -4.78809e+00 -6.06583e+00
0 -4.78809e+00 -6.06689e+00
0 -4.78809e+00 -6.06784e+00
0 -4.78809e+00 -6.06887e+00
0 -4.78809e+00 -6.06990e+00
0 -4.78809e+00 -6.06970e+00
0 -4.78809e+00 -6.06871e+00
0 -4.78809e+00 -6.06687e+00
0 -4.78809e+00 -6.06747e+00
0 -4.78809e+00 -6.06370e+00
0 -4.78809e+00 -6.06412e+00
0 -4.78809e+00 -6.06517e+00
0 -4.78809e+00 -6.06623e+00
0 -4.78809e+00 -6.06728e+00
0 -4.78809e+00 -6.06825e+00
0 -4.78809e+00 -6.06646e+00
0 -4.78809e+00 -6.06748e+00
0 -4.78809e+00 -6.06617e+00
0 -4.78809e+00 -6.06599e+00
0 -4.78809e+00 -6.06635e+00
0 -4.78809e+00 -6.06736e+00
0 -4.78809e+00 -6.06838e+00
0 -4.78809e+00 -6.06466e+00
0 -4.78809e+00 -6.06450e+00
0 -4.78809e+00 -6.06382e+00
0 -4.78809e+00 -6.06471e+00
0 -4.78809e+00 -6.06554e+00
0 -4.78809e+00 -6.06646e+00
0 -4.78809e+00 -6.06748e+00
0 -4.78809e+00 -6.06733e+00
0 -4.78809e+00 -6.06573e+00
0 -4.78809e+00 -6.06675e+00
0 -4.78809e+00 -6.06780e+00
0 -4.78809e+00 -6.06851e+00
0 -4.78809e+00 -6.06714e+00
0 -4.78809e+00 -6.06815e+00
0 -4.78809e+00 -6.06801e+00
0 -4.78809e+00 -6.06503e+00
0 -4.78809e+00 -6.06603e+00
0 -4.78809e+00 -6.06705e+00
0 -4.78809e+00 -6.06800e+00
0 -4.78809e+00 -6.06729e+00
0 -4.78809e+00 -6.06524e+00
0 -4.78809e+00 -6.06623e+00
0 -4.78809e+00 -6.06669e+00
0 -4.78809e+00 -6.06753e+00
0 -4.78809e+00 -6.06549e+00
0 -4.78809e+00 -6.06141e+00
0 -4.78809e+00 -6.06244e+00
0 -4.78809e+00 -6.06346e+00
0 -4.78809e+00 -6.05912e+00
0 -4.78809e+00 -6.06011e+00
0 -4.78809e+00 -6.06110e+00
0 -4.78809e+00 -6.06209e+00
0 -4.78809e+00 -6.06311e+00
0 -4.78809e+00 -6.06409e+00
0 -4.78809e+00 -6.06510e+00
0 -4.78809e+00 -6.06608e+00
0 -4.78809e+00 -6.06708e+00
0 -4.78809e+00 -6.06465e+00
0 -4.78809e+00 -6.06567e+00
0 -4.78809e+00 -6.06415e+00
0 -4.78809e+00 -6.05909e+00
0 -4.78809e+00 -6.05705e+00
0 -4.78809e+00 -6.05803e+00
0 -4.78809e+00 -6.05878e+00
0 -4.78809e+00 -6.05543e+00
0 -4.78809e+00 -6.05644e+00
0 -4.78809e+00 -6.05433e+00
0 -4.78809e+00 -6.05531e+00
0 -4.78809e+00 -6.05633e+00
0 -4.78809e+00 -6.05566e+00
0 -4.78809e+00 -6.05664e+00
0 -4.78809e+00 -6.05204e+00
0 -4.78809e+00 -6.05306e+00
0 -4.78809e+00 -6.05405e+00
0 -4.78809e+00 -6.05502e+00
0 -4.78809e+00 -6.05600e+00
0 -4.78809e+00 -6.05698e+00
0 -4.78809e+00 -6.05795e+00
0 -4.78809e+00 -6.05892e+00
0 -4.78809e+00 -6.05923e+00
0 -4.78809e+00 -6.06021e+00
0 -4.78809e+00 -6.06106e+00
0 -4.78809e+00 -6.06196e+00
0 -4.78809e+00 -6.06294e+00
0 -4.78809e+00 -6.06301e+00
0 -4.78809e+00 -6.06400e+00
0 -4.78809e+00 -6.06496e+00
0 -4.78809e+00 -6.06596e+00
0 -4.78809e+00 -6.06693e+00
0 -4.78809e+00 -6.06775e+00
0 -4.78809e+00 -6.06676e+00
0 -4.78809e+00 -6.06761e+00
0 -4.78809e+00 -6.06841e+00
0 -4.78809e+00 -6.06373e+00
0 -4.78809e+00 -6.06135e+00
0 -4.78809e+00 -6.06193e+00
0 -4.78809e+00 -6.06106e+00
0 -4.78809e+00 -6.06188e+00
0 -4.78809e+00 -6.06285e+00
0 -4.78809e+00 -6.06302e+00
0 -4.78809e+00 -6.06038e+00
0 -4.78809e+00 -6.05839e+00
0 -4.78809e+00 -6.05870e+00
0 -4.78809e+00 -6.05791e+00
0 -4.78809e+00 -6.05425e+00
0 -4.78809e+00 -6.05521e+00
0 -4.78809e+00 -6.05615e+00
0 -4.78809e+00 -6.05710e+00
0 -4.78809e+00 -6.05778e+00
0 -4.78809e+00 -6.05874e+00
0 -4.78809e+00 -6.05838e+00
0 -4.78809e+00 -6.05678e+00
0 -4.78809e+00 -6.05748e+00
0 -4.78809e+00 -6.05833e+00
0 -4.78809e+00 -6.05930e+00
0 -4.78809e+00 -6.06029e+00
0 -4.78809e+00 -6.06123e+00
0 -4.78809e+00 -6.06219e+00
0 -4.78809e+00 -6.06299e+00
0 -4.78809e+00 -6.06096e+00
0 -4.78809e+00 -6.06134e+00
0 -4.78809e+00 -6.06021e+00
0 -4.78809e+00 -6.06119e+00
0 -4.78809e+00 -6.06196e+00
0 -4.78809e+00 -6.06253e+00
0 -4.78809e+00 -6.05941e+00
0 -4.78809e+00 -6.06035e+00
0 -4.78809e+00 -6.06131e+00
0 -4.78809e+00 -6.06225e+00
0 -4.78809e+00 -6.06318e+00
0 -4.78809e+00 -6.06412e+00
0 -4.78809e+00 -6.06049e+00
0 -4.78809e+00 -6.05675e+00
0 -4.78809e+00 -6.05735e+00
0 -4.78809e+00 -6.05441e+00
0 -4.78809e+00 -6.05534e+00
0 -4.78809e+00 -6.05627e+00
0 -4.78809e+00 -6.05541e+00
0 -4.78809e+00 -6.05637e+00
0 -4.78809e+00 -6.05663e+00
0 -4.78809e+00 -6.05682e+00
0 -4.78809e+00 -6.05778e+00
0 -4.78809e+00 -6.05709e+00
0 -4.78809e+00 -6.05802e+00
0 -4.78809e+00 -6.05896e+00
0 -4.78809e+00 -6.05971e+00
0 -4.78809e+00 -6.06065e+00
0 -4.78809e+00 -6.06158e+00
0 -4.78809e+00 -6.06250e+00
0 -4.78809e+00 -6.06226e+00
0 -4.78809e+00 -6.06071e+00
0 -4.78809e+00 -6.06167e+00
0 -4.78809e+00 -6.05815e+00
0 -4.78809e+00 -6.05911e+00
0 -4.78809e+00 -6.06005e+00
0 -4.78809e+00 -6.06101e+00
0 -4.78809e+00 -6.06155e+00
0 -4.78809e+00 -6.06231e+00
0 -4.78809e+00 -6.06324e+00
0 -4.78809e+00 -6.06376e+00
0 -4.78809e+00 -6.06470e+00
0 -4.78809e+00 -6.05995e+00
0 -4.78809e+00 -6.05939e+00
0 -4.78809e+00 -6.06005e+00
0 -4.78809e+00 -6.06097e+00
0 -4.78809e+00 -6.06188e+00
0 -4.78809e+00 -6.06282e+00
0 -4.78809e+00 -6.06376e+00
0 -4.78809e+00 -6.06467e+00
0 -4.78809e+00 -6.06059e+00
0 -4.78809e+00 -6.06152e+00
0 -4.78809e+00 -6.06203e+00
0 -4.78809e+00 -6.06030e+00
0 -4.78809e+00 -6.06123e+00
0 -4.78809e+00 -6.05913e+00
0 -4.78809e+00 -6.06004e+00
0 -4.78809e+00 -6.06099e+00
0 -4.78809e+00 -6.05970e+00
0 -4.78809e+00 -6.05753e+00
0 -4.78809e+00 -6.05781e+00
0 -4.78809e+00 -6.05872e+00
0 -4.78809e+00 -6.05939e+00
0 -4.78809e+00 -6.05805e+00
0 -4.78809e+00 -6.05722e+00
0 -4.78809e+00 -6.05750e+00
0 -4.78809e+00 -6.05840e+00
0 -4.78809e+00 -6.05932e+00
0 -4.78809e+00 -6.06022e+00
0 -4.78809e+00 -6.06113e+00
0 -4.78809e+00 -6.06196e+00
0 -4.78809e+00 -6.06286e+00
0 -4.78809e+00 -6.06364e+00
0 -4.78809e+00 -6.06319e+00
0 -4.78809e+00 -6.05853e+00
0 -4.78809e+00 -6.05945e+00
0 -4.78809e+00 -6.06034e+00
0 -4.78809e+00 -6.05944e+00
0 -4.78809e+00 -6.06004e+00
0 -4.78809e+00 -6.06097e+00
0 -4.78809e+00 -6.06188e+00
0 -4.78809e+00 -6.05947e+00
0 -4.78809e+00 -6.06031e+00
0 -4.78809e+00 -6.06116e+00
0 -4.78809e+00 -6.06207e+00
0 -4.78809e+00 -6.05959e+00
0 -4.78809e+00 -6.06040e+00
0 -4.78809e+00 -6.06130e+00
0 -4.78809e+00 -6.06151e+00
0 -4.78809e+00 -6.06240e+00
0 -4.78809e+00 -6.06272e+00
0 -4.78809e+00 -6.06364e+00
0 -4.78809e+00 -6.06453e+00
0 -4.78809e+00 -6.06544e+00
0 -4.78809e+00 -6.06618e+00
0 -4.78809e+00 -6.06708e+00
0 -4.78809e+00 -6.06763e+00
0 -4.78809e+00 -6.06599e+00
0 -4.78809e+00 -6.06689e+00
0 -4.78809e+00 -6.06778e+00
0 -4.78809e+00 -6.06852e+00
0 -4.78809e+00 -6.06940e+00
0 -4.78809e+00 -6.07032e+00
0 -4.78809e+00 -6.07122e+00
0 -4.78809e+00 -6.07050e+00
0 -4.78809e+00 -6.07140e+00
0 -4.78809e+00 -6.07229e+00
0 -4.78809e+00 -6.07318e+00
0 -4.78809e+00 -6.06975e+00
0 -4.78809e+00 -6.07066e+00
0 -4.78809e+00 -6.07154e+00
0 -4.78809e+00 -6.07243e+00
0 -4.78809e+00 -6.07330e+00
0 -4.78809e+00 -6.07419e+00
0 -4.78809e+00 -6.07511e+00
0 -4.78809e+00 -6.07598e+00
0 -4.78809e+00 -6.07518e+00
0 -4.78809e+00 -6.07608e+00
0 -4.78809e+00 -6.07466e+00
0 -4.78809e+00 -6.07554e+00
0 -4.78809e+00 -6.07604e+00
0 -4.78809e+00 -6.07694e+00
0 -4.78809e+00 -6.07781e+00
0 -4.78809e+00 -6.07783e+00
0 -4.78809e+00 -6.07723e+00
0 -4.78809e+00 -6.07813e+00
0 -4.78809e+00 -6.07879e+00
0 -4.78809e+00 -6.07965e+00
0 -4.78809e+00 -6.08052e+00
0 -4.78809e+00 -6.08001e+00
0 -4.78809e+00 -6.07596e+00
0 -4.78809e+00 -6.07552e+00
0 -4.78809e+00 -6.07513e+00
0 -4.78809e+00 -6.07448e+00
0 -4.78809e+00 -6.07537e+00
0 -4.78809e+00 -6.07626e+00
0 -4.78809e+00 -6.07268e+00
0 -4.78809e+00 -6.07357e+00
0 -4.78809e+00 -6.07446e+00
0 -4.78809e+00 -6.07137e+00
0 -4.78809e+00 -6.07124e+00
0 -4.78809e+00 -6.07213e+00
0 -4.78809e+00 -6.07300e+00
0 -4.78809e+00 -6.07294e+00
0 -4.78809e+00 -6.07304e+00
0 -4.78809e+00 -6.07387e+00
0 -4.78809e+00 -6.07472e+00
0 -4.78809e+00 -6.07558e+00
0 -4.78809e+00 -6.07572e+00
0 -4.78809e+00 -6.07660e+00
0 -4.78809e+00 -6.07746e+00
0 -4.78809e+00 -6.07832e+00
0 -4.78809e+00 -6.07782e+00
0 -4.78809e+00 -6.07868e+00
0 -4.78809e+00 -6.07956e+00
0 -4.78809e+00 -6.08041e+00
0 -4.78809e+00 -6.07684e+00
0 -4.78809e+00 -6.07631e+00
0 -4.78809e+00 -6.07717e+00
0 -4.78809e+00 -6.07806e+00
0 -4.78809e+00 -6.07749e+00
0 -4.78809e+00 -6.07837e+00
0 -4.78809e+00 -6.07922e+00
0 -4.78809e+00 -6.08007e+00
0 -4.78809e+00 -6.08092e+00
0 -4.78809e+00 -6.08177e+00
0 -4.78809e+00 -6.08263e+00
0 -4.78809e+00 -6.08342e+00
0 -4.78809e+00 -6.07872e+00
0 -4.78809e+00 -6.07950e+00
0 -4.78809e+00 -6.08036e+00
0 -4.78809e+00 -6.08124e+00
0 -4.78809e+00 -6.08209e+00
0 -4.78809e+00 -6.08056e+00
0 -4.78809e+00 -6.08071e+00
0 -4.78809e+00 -6.08155e+00
0 -4.78809e+00 -6.08239e+00
0 -4.78809e+00 -6.08322e+00
0 -4.78809e+00 -6.08408e+00
0 -4.78809e+00 -6.08492e+00
0 -4.78809e+00 -6.08578e+00
0 -4.78809e+00 -6.08608e+00
0 -4.78809e+00 -6.08659e+00
0 -4.78809e+00 -6.08736e+00
0 -4.78809e+00 -6.08802e+00
0 -4.78809e+00 -6.08623e+00
0 -4.78809e+00 -6.08655e+00
0 -4.78809e+00 -6.08661e+00
0 -4.78809e+00 -6.08746e+00
0 -4.78809e+00 -6.08823e+00
0 -4.78809e+00 -6.08443e+00
0 -4.78809e+00 -6.08527e+00
0 -4.78809e+00 -6.08187e+00
0 -4.78809e+00 -6.08269e+00
0 -4.78809e+00 -6.08328e+00
0 -4.78809e+00 -6.08412e+00
0 -4.78809e+00 -6.08496e+00
0 -4.78809e+00 -6.08429e+00
0 -4.78809e+00 -6.08511e+00
0 -4.78809e+00 -6.08580e+00
0 -4.78809e+00 -6.08365e+00
0 -4.78809e+00 -6.08450e+00
0 -4.78809e+00 -6.08301e+00
0 -4.78809e+00 -6.07871e+00
0 -4.78809e+00 -6.07955e+00
0 -4.78809e+00 -6.08040e+00
0 -4.78809e+00 -6.08124e+00
0 -4.78809e+00 -6.08210e+00
0 -4.78809e+00 -6.08294e+00
0 -4.78809e+00 -6.08333e+00
0 -4.78809e+00 -6.08312e+00
0 -4.78809e+00 -6.08394e+00
0 -4.78809e+00 -6.08470e+00
0 -4.78809e+00 -6.08554e+00
0 -4.78809e+00 -6.08362e+00
0 -4.78809e+00 -6.08418e+00
0 -4.78809e+00 -6.08500e+00
0 -4.78809e+00 -6.08573e+00
0 -4.78809e+00 -6.08615e+00
0 -4.78809e+00 -6.08698e+00
0 -4.78809e+00 -6.08784e+00
0 -4.78809e+00 -6.08868e+00
0 -4.78809e+00 -6.08667e+00
0 -4.78809e+00 -6.08750e+00
0 -4.78809e+00 -6.08677e+00
0 -4.78809e+00 -6.08753e+00
0 -4.78809e+00 -6.08771e+00
0 -4.78809e+00 -6.08855e+00
0 -4.78809e+00 -6.08936e+00
0 -4.78809e+00 -6.08611e+00
0 -4.78809e+00 -6.08693e+00
0 -4.78809e+00 -6.08777e+00
0 -4.78809e+00 -6.08859e+00
0 -4.78809e+00 -6.08943e+00
0 -4.78809e+00 -6.08947e+00
0 -4.78809e+00 -6.09031e+00
0 -4.78809e+00 -6.09112e+00
0 -4.78809e+00 -6.09193e+00
0 -4.78809e+00 -6.09276e+00
0 -4.78809e+00 -6.09333e+00
0 -4.78809e+00 -6.09413e+00
0 -4.78809e+00 -6.09421e+00
0 -4.78809e+00 -6.08971e+00
0 -4.78809e+00 -6.08951e+00
0 -4.78809e+00 -6.08883e+00
0 -4.78809e+00 -6.08928e+00
0 -4.78809e+00 -6.09008e+00
0 -4.78809e+00 -6.09088e+00
0 -4.78809e+00 -6.09169e+00
0 -4.78809e+00 -6.09198e+00
0 -4.78809e+00 -6.09280e+00
0 -4.78809e+00 -6.09360e+00
0 -4.78809e+00 -6.09432e+00
0 -4.78809e+00 -6.09192e+00
0 -4.78809e+00 -6.09159e+00
0 -4.78809e+00 -6.09242e+00
0 -4.78809e+00 -6.09325e+00
0 -4.78809e+00 -6.09407e+00
0 -4.78809e+00 -6.09200e+00
0 -4.78809e+00 -6.08776e+00
0 -4.78809e+00 -6.08772e+00
0 -4.78809e+00 -6.08855e+00
0 -4.78809e+00 -6.08938e+00
0 -4.78809e+00 -6.08846e+00
0 -4.78809e+00 -6.08926e+00
0 -4.78809e+00 -6.09009e+00
0 -4.78809e+00 -6.09046e+00
0 -4.78809e+00 -6.09126e+00
0 -4.78809e+00 -6.09120e+00
0 -4.78809e+00 -6.09200e+00
0 -4.78809e+00 -6.09279e+00
0 -4.78809e+00 -6.09147e+00
0 -4.78809e+00 -6.09162e+00
0 -4.78809e+00 -6.09150e+00
0 -4.78809e+00 -6.09209e+00
0 -4.78809e+00 -6.09289e+00
0 -4.78809e+00 -6.09308e+00
0 -4.78809e+00 -6.09285e+00
0 -4.78809e+00 -6.09060e+00
0 -4.78809e+00 -6.09139e+00
0 -4.78809e+00 -6.08992e+00
0 -4.78809e+00 -6.08990e+00
0 -4.78809e+00 -6.08878e+00
0 -4.78809e+00 -6.08957e+00
0 -4.78809e+00 -6.08575e+00
0 -4.78809e+00 -6.08437e+00
0 -4.78809e+00 -6.08519e+00
0 -4.78809e+00 -6.08598e+00
0 -4.78809e+00 -6.08615e+00
0 -4.78809e+00 -6.08414e+00
0 -4.78809e+00 -6.08432e+00
0 -4.78809e+00 -6.08511e+00
0 -4.78809e+00 -6.08419e+00
0 -4.78809e+00 -6.08500e+00
0 -4.78809e+00 -6.08580e+00
0 -4.78809e+00 -6.08658e+00
0 -4.78809e+00 -6.08324e+00
0 -4.78809e+00 -6.08359e+00
0 -4.78809e+00 -6.08438e+00
0 -4.78809e+00 -6.08514e+00
0 -4.78809e+00 -6.08586e+00
0 -4.78809e+00 -6.08657e+00
0 -4.78809e+00 -6.08659e+00
0 -4.78809e+00 -6.08600e+00
0 -4.78809e+00 -6.08461e+00
0 -4.78809e+00 -6.08327e+00
0 -4.78809e+00 -6.08406e+00
0 -4.78809e+00 -6.08485e+00
0 -4.78809e+00 -6.08565e+00
0 -4.78809e+00 -6.08521e+00
0 -4.78809e+00 -6.08601e+00
0 -4.78809e+00 -6.08610e+00
0 -4.78809e+00 -6.08639e+00
0 -4.78809e+00 -6.08705e+00
0 -4.78809e+00 -6.08784e+00
0 -4.78809e+00 -6.08659e+00
0 -4.78809e+00 -6.08683e+00
0 -4.78809e+00 -6.08760e+00
0 -4.78809e+00 -6.08810e+00
0 -4.78809e+00 -6.08574e+00
0 -4.78809e+00 -6.08651e+00
0 -4.78809e+00 -6.08730e+00
0 -4.78809e+00 -6.08810e+00
0 -4.78809e+00 -6.08887e+00
0 -4.78809e+00 -6.08500e+00
0 -4.78809e+00 -6.08576e+00
0 -4.78809e+00 -6.08639e+00
0 -4.78809e+00 -6.08716e+00
0 -4.78809e+00 -6.08796e+00
0 -4.78809e+00 -6.08865e+00
0 -4.78809e+00 -6.08945e+00
0 -4.78809e+00 -6.08989e+00
0 -4.78809e+00 -6.09030e+00
0 -4.78809e+00 -6.08747e+00
0 -4.78809e+00 -6.08417e+00
0 -4.78809e+00 -6.08497e+00
0 -4.78809e+00 -6.08574e+00
0 -4.78809e+00 -6.08650e+00
0 -4.78809e+00 -6.08715e+00
0 -4.78809e+00 -6.08791e+00
0 -4.78809e+00 -6.08521e+00
0 -4.78809e+00 -6.08600e+00
0 -4.78809e+00 -6.08528e+00
0 -4.78809e+00 -6.08607e+00
0 -4.78809e+00 -6.08389e+00
0 -4.78809e+00 -6.08467e+00
0 -4.78809e+00 -6.08379e+00
0 -4.78809e+00 -6.08454e+00
0 -4.78809e+00 -6.08501e+00
0 -4.78809e+00 -6.08479e+00
0 -4.78809e+00 -6.08555e+00
0 -4.78809e+00 -6.08633e+00
0 -4.78809e+00 -6.08710e+00
0 -4.78809e+00 -6.08787e+00
0 -4.78809e+00 -6.08863e+00
0 -4.78809e+00 -6.08940e+00
0 -4.78809e+00 -6.08635e+00
0 -4.78809e+00 -6.08404e+00
0 -4.78809e+00 -6.08483e+00
0 -4.78809e+00 -6.08559e+00
0 -4.78809e+00 -6.08457e+00
0 -4.78809e+00 -6.08494e+00
0 -4.78809e+00 -6.08506e+00
0 -4.78809e+00 -6.08584e+00
0 -4.78809e+00 -6.08625e+00
0 -4.78809e+00 -6.08700e+00
0 -4.78809e+00 -6.08778e+00
0 -4.78809e+00 -6.08854e+00
0 -4.78809e+00 -6.08929e+00
0 -4.78809e+00 -6.08789e+00
0 -4.78809e+00 -6.08865e+00
0 -4.78809e+00 -6.08912e+00
0 -4.78809e+00 -6.08990e+00
0 -4.78809e+00 -6.08942e+00
0 -4.78809e+00 -6.09020e+00
0 -4.78809e+00 -6.08914e+00
0 -4.78809e+00 -6.08990e+00
0 -4.78809e+00 -6.08885e+00
0 -4.78809e+00 -6.08576e+00
0 -4.78809e+00 -6.08651e+00
0 -4.78809e+00 -6.08726e+00
0 -4.78809e+00 -6.08472e+00
0 -4.78809e+00 -6.08548e+00
0 -4.78809e+00 -6.08625e+00
0 -4.78809e+00 -6.08668e+00
0 -4.78809e+00 -6.08585e+00
0 -4.78809e+00 -6.08348e+00
0 -4.78809e+00 -6.08334e+00
0 -4.78809e+00 -6.08412e+00
0 -4.78809e+00 -6.08379e+00
0 -4.78809e+00 -6.08455e+00
0 -4.78809e+00 -6.08521e+00
0 -4.78809e+00 -6.08598e+00
0 -4.78809e+00 -6.08661e+00
0 -4.78809e+00 -6.08736e+00
0 -4.78809e+00 -6.08777e+00
0 -4.78809e+00 -6.08557e+00
0 -4.78809e+00 -6.08631e+00
0 -4.78809e+00 -6.08704e+00
0 -4.78809e+00 -6.08781e+00
0 -4.78809e+00 -6.08726e+00
0 -4.78809e+00 -6.08425e+00
0 -4.78809e+00 -6.08290e+00
0 -4.78809e+00 -6.08324e+00
0 -4.78809e+00 -6.08386e+00
0 -4.78809e+00 -6.08459e+00
0 -4.78809e+00 -6.08535e+00
0 -4.78809e+00 -6.08595e+00
0 -4.78809e+00 -6.08671e+00
0 -4.78809e+00 -6.08532e+00
0 -4.78809e+00 -6.08607e+00
0 -4.78809e+00 -6.08660e+00
0 -4.78809e+00 -6.08631e+00
0 -4.78809e+00 -6.08696e+00
0 -4.78809e+00 -6.08704e+00
0 -4.78809e+00 -6.08780e+00
0 -4.78809e+00 -6.08855e+00
0 -4.78809e+00 -6.08698e+00
0 -4.78809e+00 -6.08775e+00
0 -4.78809e+00 -6.08847e+00
0 -4.78809e+00 -6.08744e+00
0 -4.78809e+00 -6.08672e+00
0 -4.78809e+00 -6.08746e+00
0 -4.78809e+00 -6.08822e+00
0 -4.78809e+00 -6.08875e+00
0 -4.78809e+00 -6.08862e+00
0 -4.78809e+00 -6.08700e+00
0 -4.78809e+00 -6.08356e+00
0 -4.78809e+00 -6.08031e+00
0 -4.78809e+00 -6.08106e+00
0 -4.78809e+00 -6.08181e+00
0 -4.78809e+00 -6.08254e+00
0 -4.78809e+00 -6.08329e+00
0 -4.78809e+00 -6.08360e+00
0 -4.78809e+00 -6.08434e+00
0 -4.78809e+00 -6.08507e+00
0 -4.78809e+00 -6.08296e+00
0 -4.78809e+00 -6.08367e+00
0 -4.78809e+00 -6.08440e+00
0 -4.78809e+00 -6.08512e+00
0 -4.78809e+00 -6.08586e+00
0 -4.78809e+00 -6.08661e+00
0 -4.78809e+00 -6.08736e+00
0 -4.78809e+00 -6.08810e+00
0 -4.78809e+00 -6.08781e+00
0 -4.78809e+00 -6.08854e+00
0 -4.78809e+00 -6.08539e+00
0 -4.78809e+00 -6.08611e+00
0 -4.78809e+00 -6.08683e+00
0 -4.78809e+00 -6.08468e+00
0 -4.78809e+00 -6.08539e+00
0 -4.78809e+00 -6.08611e+00
0 -4.78809e+00 -6.08683e+00
0 -4.78809e+00 -6.08757e+00
0 -4.78809e+00 -6.08431e+00
0 -4.78809e+00 -6.08504e+00
0 -4.78809e+00 -6.08266e+00
0 -4.78809e+00 -6.08337e+00
0 -4.78809e+00 -6.08402e+00
0 -4.78809e+00 -6.08476e+00
0 -4.78809e+00 -6.08530e+00
0 -4.78809e+00 -6.08605e+00
0 -4.78809e+00 -6.08662e+00
0 -4.78809e+00 -6.08733e+00
0 -4.78809e+00 -6.08805e+00
0 -4.78809e+00 -6.08876e+00
0 -4.78809e+00 -6.08950e+00
0 -4.78809e+00 -6.09024e+00
0 -4.78809e+00 -6.09009e+00
0 -4.78809e+00 -6.09080e+00
0 -4.78809e+00 -6.08992e+00
0 -4.78809e+00 -6.08848e+00
0 -4.78809e+00 -6.08921e+00
0 -4.78809e+00 -6.08992e+00
0 -4.78809e+00 -6.09014e+00
0 -4.78809e+00 -6.09030e+00
0 -4.78809e+00 -6.09104e+00
0 -4.78809e+00 -6.09173e+00
0 -4.78809e+00 -6.09245e+00
0 -4.78809e+00 -6.08917e+00
0 -4.78809e+00 -6.08828e+00
0 -4.78809e+00 -6.08900e+00
0 -4.78809e+00 -6.08971e+00
0 -4.78809e+00 -6.09042e+00
0 -4.78809e+00 -6.09112e+00
0 -4.78809e+00 -6.09183e+00
0 -4.78809e+00 -6.09257e+00
0 -4.78809e+00 -6.09271e+00
0 -4.78809e+00 -6.09119e+00
0 -4.78809e+00 -6.09045e+00
0 -4.78809e+00 -6.09117e+00
0 -4.78809e+00 -6.09188e+00
0 -4.78809e+00 -6.09259e+00
0 -4.78809e+00 -6.09286e+00
0 -4.78809e+00 -6.09299e+00
0 -4.78809e+00 -6.09371e+00
0 -4.78809e+00 -6.09440e+00
0 -4.78809e+00 -6.09512e+00
0 -4.78809e+00 -6.09460e+00
0 -4.78809e+00 -6.09530e+00
0 -4.78809e+00 -6.09603e+00
0 -4.78809e+00 -6.09673e+00
0 -4.78809e+00 -6.09711e+00
0 -4.78809e+00 -6.09556e+00
0 -4.78809e+00 -6.09628e+00
0 -4.78809e+00 -6.09541e+00
0 -4.78809e+00 -6.09608e+00
0 -4.78809e+00 -6.09680e+00
0 -4.78809e+00 -6.09750e+00
0 -4.78809e+00 -6.09822e+00
0 -4.78809e+00 -6.09869e+00
0 -4.78809e+00 -6.09877e+00
0 -4.78809e+00 -6.09949e+00
0 -4.78809e+00 -6.09617e+00
0 -4.78809e+00 -6.09687e+00
0 -4.78809e+00 -6.09666e+00
0 -4.78809e+00 -6.09738e+00
0 -4.78809e+00 -6.09811e+00
0 -4.78809e+00 -6.09858e+00
0 -4.78809e+00 -6.09608e+00
0 -4.78809e+00 -6.09597e+00
0 -4.78809e+00 -6.09666e+00
