0 -2.67026e+00 -1.80104e+00
0 -2.67026e+00 -2.94649e+00
0 -2.67026e+00 -3.70703e+00
0 -2.67026e+00 -3.08511e+00
0 -2.67026e+00 -3.51484e+00
0 -2.67026e+00 -2.78546e+00
0 -2.67026e+00 -2.91425e+00
0 -2.67026e+00 -2.78181e+00
0 -2.67026e+00 -2.43029e+00
0 -2.67026e+00 -2.42025e+00
0 -2.67026e+00 -2.58791e+00
0 -2.67026e+00 -2.75063e+00
0 -2.67026e+00 -2.69231e+00
0 -2.67026e+00 -2.75928e+00
0 -2.67026e+00 -2.77632e+00
0 -2.67026e+00 -2.58098e+00
0 -2.67026e+00 -2.49117e+00
0 -2.67026e+00 -2.56451e+00
0 -2.67026e+00 -2.39630e+00
0 -2.67026e+00 -2.29496e+00
0 -2.67026e+00 -2.36789e+00
0 -2.67026e+00 -2.45905e+00
0 -2.67026e+00 -2.54556e+00
0 -2.67026e+00 -2.59223e+00
0 -2.67026e+00 -2.64178e+00
0 -2.67026e+00 -2.63445e+00
0 -2.67026e+00 -2.63075e+00
0 -2.67026e+00 -2.64088e+00
0 -2.67026e+00 -2.63723e+00
0 -2.67026e+00 -2.68107e+00
0 -2.67026e+00 -2.72470e+00
0 -2.67026e+00 -2.76403e+00
0 -2.67026e+00 -2.70147e+00
0 -2.67026e+00 -2.72145e+00
0 -2.67026e+00 -2.76489e+00
0 -2.67026e+00 -2.77153e+00
0 -2.67026e+00 -2.68530e+00
0 -2.67026e+00 -2.69110e+00
0 -2.67026e+00 -2.71678e+00
0 -2.67026e+00 -2.76592e+00
0 -2.67026e+00 -2.74055e+00
0 -2.67026e+00 -2.77818e+00
0 -2.67026e+00 -2.73114e+00
0 -2.67026e+00 -2.76168e+00
0 -2.67026e+00 -2.79316e+00
0 -2.67026e+00 -2.79612e+00
0 -2.67026e+00 -2.78180e+00
0 -2.67026e+00 -2.70677e+00
0 -2.67026e+00 -2.68328e+00
0 -2.67026e+00 -2.70719e+00
0 -2.67026e+00 -2.74480e+00
0 -2.67026e+00 -2.77374e+00
0 -2.67026e+00 -2.76885e+00
0 -2.67026e+00 -2.78220e+00
0 -2.67026e+00 -2.78102e+00
0 -2.67026e+00 -2.74117e+00
0 -2.67026e+00 -2.73398e+00
0 -2.67026e+00 -2.68934e+00
0 -2.67026e+00 -2.64785e+00
0 -2.67026e+00 -2.60374e+00
0 -2.67026e+00 -2.62712e+00
0 -2.67026e+00 -2.65896e+00
0 -2.67026e+00 -2.67719e+00
0 -2.67026e+00 -2.62224e+00
0 -2.67026e+00 -2.63361e+00
0 -2.67026e+00 -2.61096e+00
0 -2.67026e+00 -2.56942e+00
0 -2.67026e+00 -2.51812e+00
0 -2.67026e+00 -2.51236e+00
0 -2.67026e+00 -2.48921e+00
0 -2.67026e+00 -2.51237e+00
0 -2.67026e+00 -2.53932e+00
0 -2.67026e+00 -2.55453e+00
0 -2.67026e+00 -2.58021e+00
0 -2.67026e+00 -2.60341e+00
0 -2.67026e+00 -2.62813e+00
0 -2.67026e+00 -2.64027e+00
0 -2.67026e+00 -2.66120e+00
0 -2.67026e+00 -2.64438e+00
0 -2.67026e+00 -2.65282e+00
0 -2.67026e+00 -2.62373e+00
0 -2.67026e+00 -2.64367e+00
0 -2.67026e+00 -2.63045e+00
0 -2.67026e+00 -2.65166e+00
0 -2.67026e+00 -2.63688e+00
0 -2.67026e+00 -2.65975e+00
0 -2.67026e+00 -2.66183e+00
0 -2.67026e+00 -2.64570e+00
0 -2.67026e+00 -2.66609e+00
0 -2.67026e+00 -2.68759e+00
0 -2.67026e+00 -2.70438e+00
0 -2.67026e+00 -2.71334e+00
0 -2.67026e+00 -2.72499e+00
0 -2.67026e+00 -2.74375e+00
0 -2.67026e+00 -2.72462e+00
0 -2.67026e+00 -2.74015e+00
0 -2.67026e+00 -2.75537e+00
0 -2.67026e+00 -2.77230e+00
0 -2.67026e+00 -2.79211e+00
0 -2.67026e+00 -2.80197e+00
0 -2.67026e+00 -2.81710e+00
0 -2.67026e+00 -2.82705e+00
0 -2.67026e+00 -2.79515e+00
0 -2.67026e+00 -2.81319e+00
0 -2.67026e+00 -2.81927e+00
0 -2.67026e+00 -2.79376e+00
0 -2.67026e+00 -2.76535e+00
0 -2.67026e+00 -2.77436e+00
0 -2.67026e+00 -2.79232e+00
0 -2.67026e+00 -2.80973e+00
0 -2.67026e+00 -2.81112e+00
0 -2.67026e+00 -2.81964e+00
0 -2.67026e+00 -2.79444e+00
0 -2.67026e+00 -2.78866e+00
0 -2.67026e+00 -2.76224e+00
0 -2.67026e+00 -2.75844e+00
0 -2.67026e+00 -2.77491e+00
0 -2.67026e+00 -2.75557e+00
0 -2.67026e+00 -2.77180e+00
0 -2.67026e+00 -2.78744e+00
0 -2.67026e+00 -2.79031e+00
0 -2.67026e+00 -2.80016e+00
0 -2.67026e+00 -2.79099e+00
0 -2.67026e+00 -2.78404e+00
0 -2.67026e+00 -2.79364e+00
0 -2.67026e+00 -2.80496e+00
0 -2.67026e+00 -2.81946e+00
0 -2.67026e+00 -2.79007e+00
0 -2.67026e+00 -2.79748e+00
0 -2.67026e+00 -2.79442e+00
0 -2.67026e+00 -2.80547e+00
0 -2.67026e+00 -2.81905e+00
0 -2.67026e+00 -2.82938e+00
0 -2.67026e+00 -2.82822e+00
0 -2.67026e+00 -2.83881e+00
0 -2.67026e+00 -2.83802e+00
0 -2.67026e+00 -2.85140e+00
0 -2.67026e+00 -2.85745e+00
0 -2.67026e+00 -2.86498e+00
0 -2.67026e+00 -2.83628e+00
0 -2.67026e+00 -2.81157e+00
0 -2.67026e+00 -2.80204e+00
0 -2.67026e+00 -2.81442e+00
0 -2.67026e+00 -2.82460e+00
0 -2.67026e+00 -2.82087e+00
0 -2.67026e+00 -2.79631e+00
0 -2.67026e+00 -2.76693e+00
0 -2.67026e+00 -2.77165e+00
0 -2.67026e+00 -2.78076e+00
0 -2.67026e+00 -2.77626e+00
0 -2.67026e+00 -2.77878e+00
0 -2.67026e+00 -2.78634e+00
0 -2.67026e+00 -2.79611e+00
0 -2.67026e+00 -2.79508e+00
0 -2.67026e+00 -2.80279e+00
0 -2.67026e+00 -2.81346e+00
0 -2.67026e+00 -2.80892e+00
0 -2.67026e+00 -2.81096e+00
0 -2.67026e+00 -2.81748e+00
0 -2.67026e+00 -2.81147e+00
0 -2.67026e+00 -2.82254e+00
0 -2.67026e+00 -2.79597e+00
0 -2.67026e+00 -2.79857e+00
0 -2.67026e+00 -2.79845e+00
0 -2.67026e+00 -2.79998e+00
0 -2.67026e+00 -2.80752e+00
0 -2.67026e+00 -2.80539e+00
0 -2.67026e+00 -2.79831e+00
0 -2.67026e+00 -2.79653e+00
0 -2.67026e+00 -2.79818e+00
0 -2.67026e+00 -2.79899e+00
0 -2.67026e+00 -2.77740e+00
0 -2.67026e+00 -2.78873e+00
0 -2.67026e+00 -2.79554e+00
0 -2.67026e+00 -2.79718e+00
0 -2.67026e+00 -2.80316e+00
0 -2.67026e+00 -2.81232e+00
0 -2.67026e+00 -2.81828e+00
0 -2.67026e+00 -2.82013e+00
0 -2.67026e+00 -2.82232e+00
0 -2.67026e+00 -2.82261e+00
0 -2.67026e+00 -2.83023e+00
0 -2.67026e+00 -2.83975e+00
0 -2.67026e+00 -2.84981e+00
0 -2.67026e+00 -2.85473e+00
0 -2.67026e+00 -2.85386e+00
0 -2.67026e+00 -2.84363e+00
0 -2.67026e+00 -2.85398e+00
0 -2.67026e+00 -2.86404e+00
0 -2.67026e+00 -2.87386e+00
0 -2.67026e+00 -2.87453e+00
0 -2.67026e+00 -2.88323e+00
0 -2.67026e+00 -2.89104e+00
0 -2.67026e+00 -2.90114e+00
0 -2.67026e+00 -2.90906e+00
0 -2.67026e+00 -2.91667e+00
0 -2.67026e+00 -2.90185e+00
0 -2.67026e+00 -2.90733e+00
0 -2.67026e+00 -2.91327e+00
0 -2.67026e+00 -2.92034e+00
0 -2.67026e+00 -2.92891e+00
0 -2.67026e+00 -2.93722e+00
0 -2.67026e+00 -2.93139e+00
0 -2.67026e+00 -2.92653e+00
0 -2.67026e+00 -2.93565e+00
0 -2.67026e+00 -2.94331e+00
0 -2.67026e+00 -2.94757e+00
0 -2.67026e+00 -2.94961e+00
0 -2.67026e+00 -2.95885e+00
0 -2.67026e+00 -2.96309e+00
0 -2.67026e+00 -2.96832e+00
0 -2.67026e+00 -2.97718e+00
0 -2.67026e+00 -2.96915e+00
0 -2.67026e+00 -2.95403e+00
0 -2.67026e+00 -2.96005e+00
0 -2.67026e+00 -2.96661e+00
0 -2.67026e+00 -2.96108e+00
0 -2.67026e+00 -2.95346e+00
0 -2.67026e+00 -2.93991e+00
0 -2.67026e+00 -2.94785e+00
0 -2.67026e+00 -2.95561e+00
0 -2.67026e+00 -2.96070e+00
0 -2.67026e+00 -2.95312e+00
0 -2.67026e+00 -2.96184e+00
0 -2.67026e+00 -2.94674e+00
0 -2.67026e+00 -2.94773e+00
0 -2.67026e+00 -2.95182e+00
0 -2.67026e+00 -2.93892e+00
0 -2.67026e+00 -2.94717e+00
0 -2.67026e+00 -2.94592e+00
0 -2.67026e+00 -2.95130e+00
0 -2.67026e+00 -2.93957e+00
0 -2.67026e+00 -2.94765e+00
0 -2.67026e+00 -2.95446e+00
0 -2.67026e+00 -2.95644e+00
0 -2.67026e+00 -2.96057e+00
0 -2.67026e+00 -2.94442e+00
0 -2.67026e+00 -2.95213e+00
0 -2.67026e+00 -2.95904e+00
0 -2.67026e+00 -2.94885e+00
0 -2.67026e+00 -2.95558e+00
0 -2.67026e+00 -2.96298e+00
0 -2.67026e+00 -2.95801e+00
0 -2.67026e+00 -2.96497e+00
0 -2.67026e+00 -2.96631e+00
0 -2.67026e+00 -2.97310e+00
0 -2.67026e+00 -2.97930e+00
0 -2.67026e+00 -2.98668e+00
0 -2.67026e+00 -2.99051e+00
0 -2.67026e+00 -2.99689e+00
0 -2.67026e+00 -2.99788e+00
0 -2.67026e+00 -3.00515e+00
0 -2.67026e+00 -3.00349e+00
0 -2.67026e+00 -2.99659e+00
0 -2.67026e+00 -3.00419e+00
0 -2.67026e+00 -3.00836e+00
0 -2.67026e+00 -3.01577e+00
0 -2.67026e+00 -3.01988e+00
0 -2.67026e+00 -3.02213e+00
0 -2.67026e+00 -3.02552e+00
0 -2.67026e+00 -3.02739e+00
0 -2.67026e+00 -3.03437e+00
0 -2.67026e+00 -3.04174e+00
0 -2.67026e+00 -3.04679e+00
0 -2.67026e+00 -3.02779e+00
0 -2.67026e+00 -3.03033e+00
0 -2.67026e+00 -3.03237e+00
0 -2.67026e+00 -3.02883e+00
0 -2.67026e+00 -3.02539e+00
0 -2.67026e+00 -3.00838e+00
0 -2.67026e+00 -3.01488e+00
0 -2.67026e+00 -3.01748e+00
0 -2.67026e+00 -3.01854e+00
0 -2.67026e+00 -3.01995e+00
0 -2.67026e+00 -3.02643e+00
0 -2.67026e+00 -3.03184e+00
0 -2.67026e+00 -3.03800e+00
0 -2.67026e+00 -3.02410e+00
0 -2.67026e+00 -3.02595e+00
0 -2.67026e+00 -3.03247e+00
0 -2.67026e+00 -3.01832e+00
0 -2.67026e+00 -3.02466e+00
0 -2.67026e+00 -3.00973e+00
0 -2.67026e+00 -2.99902e+00
0 -2.67026e+00 -3.00499e+00
0 -2.67026e+00 -2.99985e+00
0 -2.67026e+00 -3.00597e+00
0 -2.67026e+00 -2.99559e+00
0 -2.67026e+00 -2.99396e+00
0 -2.67026e+00 -2.99936e+00
0 -2.67026e+00 -2.99741e+00
0 -2.67026e+00 -2.99983e+00
0 -2.67026e+00 -3.00549e+00
0 -2.67026e+00 -3.01197e+00
0 -2.67026e+00 -3.01722e+00
0 -2.67026e+00 -3.01110e+00
0 -2.67026e+00 -3.00725e+00
0 -2.67026e+00 -3.00325e+00
0 -2.67026e+00 -3.00440e+00
0 -2.67026e+00 -3.01090e+00
0 -2.67026e+00 -3.00748e+00
0 -2.67026e+00 -3.00809e+00
0 -2.67026e+00 -3.01436e+00
0 -2.67026e+00 -3.01966e+00
0 -2.67026e+00 -3.02566e+00
0 -2.67026e+00 -3.02365e+00
0 -2.67026e+00 -3.02775e+00
0 -2.67026e+00 -3.02963e+00
0 -2.67026e+00 -3.03371e+00
0 -2.67026e+00 -3.03939e+00
0 -2.67026e+00 -3.03347e+00
0 -2.67026e+00 -3.02956e+00
0 -2.67026e+00 -3.03531e+00
0 -2.67026e+00 -3.04032e+00
0 -2.67026e+00 -3.04639e+00
0 -2.67026e+00 -3.04459e+00
0 -2.67026e+00 -3.05028e+00
0 -2.67026e+00 -3.05638e+00
0 -2.67026e+00 -3.05837e+00
0 -2.67026e+00 -3.06328e+00
0 -2.67026e+00 -3.06020e+00
0 -2.67026e+00 -3.06544e+00
0 -2.67026e+00 -3.06330e+00
0 -2.67026e+00 -3.06502e+00
0 -2.67026e+00 -3.05550e+00
0 -2.67026e+00 -3.05680e+00
0 -2.67026e+00 -3.05039e+00
0 -2.67026e+00 -3.05390e+00
0 -2.67026e+00 -3.05882e+00
0 -2.67026e+00 -3.04548e+00
0 -2.67026e+00 -3.04949e+00
0 -2.67026e+00 -3.05435e+00
0 -2.67026e+00 -3.06014e+00
0 -2.67026e+00 -3.04776e+00
0 -2.67026e+00 -3.04236e+00
0 -2.67026e+00 -3.03895e+00
0 -2.67026e+00 -3.03804e+00
0 -2.67026e+00 -3.04140e+00
0 -2.67026e+00 -3.04438e+00
0 -2.67026e+00 -3.04056e+00
0 -2.67026e+00 -3.02813e+00
0 -2.67026e+00 -3.02485e+00
0 -2.67026e+00 -3.02852e+00
0 -2.67026e+00 -3.03141e+00
0 -2.67026e+00 -3.03035e+00
0 -2.67026e+00 -3.03344e+00
0 -2.67026e+00 -3.03346e+00
0 -2.67026e+00 -3.03336e+00
0 -2.67026e+00 -3.03640e+00
0 -2.67026e+00 -3.02597e+00
0 -2.67026e+00 -3.01236e+00
0 -2.67026e+00 -3.01788e+00
0 -2.67026e+00 -3.01370e+00
0 -2.67026e+00 -3.01915e+00
0 -2.67026e+00 -3.00729e+00
0 -2.67026e+00 -3.00725e+00
0 -2.67026e+00 -3.01035e+00
0 -2.67026e+00 -3.01512e+00
0 -2.67026e+00 -3.01903e+00
0 -2.67026e+00 -3.02296e+00
0 -2.67026e+00 -3.00903e+00
0 -2.67026e+00 -3.00053e+00
0 -2.67026e+00 -3.00441e+00
0 -2.67026e+00 -3.00775e+00
0 -2.67026e+00 -3.00841e+00
0 -2.67026e+00 -2.99939e+00
0 -2.67026e+00 -2.99787e+00
0 -2.67026e+00 -2.98877e+00
0 -2.67026e+00 -2.99262e+00
0 -2.67026e+00 -2.98750e+00
0 -2.67026e+00 -2.98729e+00
0 -2.67026e+00 -2.99130e+00
0 -2.67026e+00 -2.99527e+00
0 -2.67026e+00 -2.99801e+00
0 -2.67026e+00 -3.00302e+00
0 -2.67026e+00 -3.00474e+00
0 -2.67026e+00 -3.00917e+00
0 -2.67026e+00 -3.01375e+00
0 -2.67026e+00 -3.00635e+00
0 -2.67026e+00 -3.00826e+00
0 -2.67026e+00 -3.01053e+00
0 -2.67026e+00 -3.01390e+00
0 -2.67026e+00 -3.01079e+00
0 -2.67026e+00 -3.00124e+00
0 -2.67026e+00 -3.00555e+00
0 -2.67026e+00 -3.00708e+00
0 -2.67026e+00 -3.00794e+00
0 -2.67026e+00 -3.01215e+00
0 -2.67026e+00 -3.01503e+00
0 -2.67026e+00 -3.01717e+00
0 -2.67026e+00 -3.01192e+00
0 -2.67026e+00 -3.01456e+00
0 -2.67026e+00 -3.01269e+00
0 -2.67026e+00 -3.01443e+00
0 -2.67026e+00 -3.00338e+00
0 -2.67026e+00 -3.00592e+00
0 -2.67026e+00 -3.01045e+00
0 -2.67026e+00 -3.01135e+00
0 -2.67026e+00 -3.01418e+00
0 -2.67026e+00 -3.01314e+00
0 -2.67026e+00 -3.01249e+00
0 -2.67026e+00 -3.01298e+00
0 -2.67026e+00 -3.00828e+00
0 -2.67026e+00 -3.00694e+00
0 -2.67026e+00 -2.99468e+00
0 -2.67026e+00 -2.99421e+00
0 -2.67026e+00 -2.98397e+00
0 -2.67026e+00 -2.98855e+00
0 -2.67026e+00 -2.99322e+00
0 -2.67026e+00 -2.99790e+00
0 -2.67026e+00 -3.00193e+00
0 -2.67026e+00 -3.00042e+00
0 -2.67026e+00 -3.00257e+00
0 -2.67026e+00 -3.00069e+00
0 -2.67026e+00 -2.99566e+00
0 -2.67026e+00 -2.98771e+00
0 -2.67026e+00 -2.98154e+00
0 -2.67026e+00 -2.98148e+00
0 -2.67026e+00 -2.97933e+00
0 -2.67026e+00 -2.98369e+00
0 -2.67026e+00 -2.97699e+00
0 -2.67026e+00 -2.97352e+00
0 -2.67026e+00 -2.97607e+00
0 -2.67026e+00 -2.97522e+00
0 -2.67026e+00 -2.97736e+00
0 -2.67026e+00 -2.98179e+00
0 -2.67026e+00 -2.98537e+00
0 -2.67026e+00 -2.97979e+00
0 -2.67026e+00 -2.97859e+00
0 -2.67026e+00 -2.98067e+00
0 -2.67026e+00 -2.97445e+00
0 -2.67026e+00 -2.97719e+00
0 -2.67026e+00 -2.97564e+00
0 -2.67026e+00 -2.97970e+00
0 -2.67026e+00 -2.98408e+00
0 -2.67026e+00 -2.98733e+00
0 -2.67026e+00 -2.98424e+00
0 -2.67026e+00 -2.98718e+00
0 -2.67026e+00 -2.98949e+00
0 -2.67026e+00 -2.99394e+00
0 -2.67026e+00 -2.99457e+00
0 -2.67026e+00 -2.99889e+00
0 -2.67026e+00 -2.99536e+00
0 -2.67026e+00 -2.99308e+00
0 -2.67026e+00 -2.99246e+00
0 -2.67026e+00 -2.99378e+00
0 -2.67026e+00 -2.98529e+00
0 -2.67026e+00 -2.98574e+00
0 -2.67026e+00 -2.99007e+00
0 -2.67026e+00 -2.98418e+00
0 -2.67026e+00 -2.98843e+00
0 -2.67026e+00 -2.98018e+00
0 -2.67026e+00 -2.98355e+00
0 -2.67026e+00 -2.98586e+00
0 -2.67026e+00 -2.98718e+00
0 -2.67026e+00 -2.99108e+00
0 -2.67026e+00 -2.99332e+00
0 -2.67026e+00 -2.99547e+00
0 -2.67026e+00 -2.99799e+00
0 -2.67026e+00 -3.00209e+00
0 -2.67026e+00 -3.00634e+00
0 -2.67026e+00 -3.00197e+00
0 -2.67026e+00 -3.00272e+00
0 -2.67026e+00 -3.00234e+00
0 -2.67026e+00 -3.00642e+00
0 -2.67026e+00 -3.00887e+00
0 -2.67026e+00 -3.01284e+00
0 -2.67026e+00 -3.01681e+00
0 -2.67026e+00 -3.01312e+00
0 -2.67026e+00 -3.01526e+00
0 -2.67026e+00 -3.01915e+00
0 -2.67026e+00 -3.02024e+00
0 -2.67026e+00 -3.02390e+00
0 -2.67026e+00 -3.02072e+00
0 -2.67026e+00 -3.01152e+00
0 -2.67026e+00 -3.01112e+00
0 -2.67026e+00 -3.00795e+00
0 -2.67026e+00 -3.01198e+00
0 -2.67026e+00 -3.01350e+00
0 -2.67026e+00 -3.01461e+00
0 -2.67026e+00 -3.01529e+00
0 -2.67026e+00 -3.01854e+00
0 -2.67026e+00 -3.01834e+00
0 -2.67026e+00 -3.01930e+00
0 -2.67026e+00 -3.01788e+00
0 -2.67026e+00 -3.02178e+00
0 -2.67026e+00 -3.01575e+00
0 -2.67026e+00 -3.01969e+00
0 -2.67026e+00 -3.02333e+00
0 -2.67026e+00 -3.02206e+00
0 -2.67026e+00 -3.01927e+00
0 -2.67026e+00 -3.02162e+00
0 -2.67026e+00 -3.02473e+00
0 -2.67026e+00 -3.02845e+00
0 -2.67026e+00 -3.03065e+00
0 -2.67026e+00 -3.03413e+00
0 -2.67026e+00 -3.03340e+00
0 -2.67026e+00 -3.03533e+00
0 -2.67026e+00 -3.03845e+00
0 -2.67026e+00 -3.03550e+00
0 -2.67026e+00 -3.03781e+00
0 -2.67026e+00 -3.03050e+00
0 -2.67026e+00 -3.03287e+00
0 -2.67026e+00 -3.03662e+00
0 -2.67026e+00 -3.03618e+00
0 -2.67026e+00 -3.03895e+00
0 -2.67026e+00 -3.04024e+00
0 -2.67026e+00 -3.04305e+00
0 -2.67026e+00 -3.04654e+00
0 -2.67026e+00 -3.04681e+00
0 -2.67026e+00 -3.04865e+00
0 -2.67026e+00 -3.04653e+00
0 -2.67026e+00 -3.04760e+00
0 -2.67026e+00 -3.05092e+00
0 -2.67026e+00 -3.04927e+00
0 -2.67026e+00 -3.05048e+00
0 -2.67026e+00 -3.05019e+00
0 -2.67026e+00 -3.05307e+00
0 -2.67026e+00 -3.05112e+00
0 -2.67026e+00 -3.05113e+00
0 -2.67026e+00 -3.05204e+00
0 -2.67026e+00 -3.04209e+00
0 -2.67026e+00 -3.03719e+00
0 -2.67026e+00 -3.03048e+00
0 -2.67026e+00 -3.03376e+00
0 -2.67026e+00 -3.02888e+00
0 -2.67026e+00 -3.03255e+00
0 -2.67026e+00 -3.03602e+00
0 -2.67026e+00 -3.03947e+00
0 -2.67026e+00 -3.03730e+00
0 -2.67026e+00 -3.03980e+00
0 -2.67026e+00 -3.04267e+00
0 -2.67026e+00 -3.04593e+00
0 -2.67026e+00 -3.04957e+00
0 -2.67026e+00 -3.05228e+00
0 -2.67026e+00 -3.05548e+00
0 -2.67026e+00 -3.05410e+00
0 -2.67026e+00 -3.05458e+00
0 -2.67026e+00 -3.05538e+00
0 -2.67026e+00 -3.04571e+00
0 -2.67026e+00 -3.04403e+00
0 -2.67026e+00 -3.03917e+00
0 -2.67026e+00 -3.03931e+00
0 -2.67026e+00 -3.04173e+00
0 -2.67026e+00 -3.04452e+00
0 -2.67026e+00 -3.04694e+00
0 -2.67026e+00 -3.04708e+00
0 -2.67026e+00 -3.03970e+00
0 -2.67026e+00 -3.03415e+00
0 -2.67026e+00 -3.03265e+00
0 -2.67026e+00 -3.03595e+00
0 -2.67026e+00 -3.02630e+00
0 -2.67026e+00 -3.02834e+00
0 -2.67026e+00 -3.03124e+00
0 -2.67026e+00 -3.03440e+00
0 -2.67026e+00 -3.02760e+00
0 -2.67026e+00 -3.02801e+00
0 -2.67026e+00 -3.03070e+00
0 -2.67026e+00 -3.03409e+00
0 -2.67026e+00 -3.02489e+00
0 -2.67026e+00 -3.02422e+00
0 -2.67026e+00 -3.02692e+00
0 -2.67026e+00 -3.02716e+00
0 -2.67026e+00 -3.01966e+00
0 -2.67026e+00 -3.01745e+00
0 -2.67026e+00 -3.01156e+00
0 -2.67026e+00 -3.01496e+00
0 -2.67026e+00 -3.01705e+00
0 -2.67026e+00 -3.01923e+00
0 -2.67026e+00 -3.01687e+00
0 -2.67026e+00 -3.01785e+00
0 -2.67026e+00 -3.02012e+00
0 -2.67026e+00 -3.02295e+00
0 -2.67026e+00 -3.02337e+00
0 -2.67026e+00 -3.02637e+00
0 -2.67026e+00 -3.02600e+00
0 -2.67026e+00 -3.02505e+00
0 -2.67026e+00 -3.02621e+00
0 -2.67026e+00 -3.02396e+00
0 -2.67026e+00 -3.02695e+00
0 -2.67026e+00 -3.02310e+00
0 -2.67026e+00 -3.02500e+00
0 -2.67026e+00 -3.02664e+00
0 -2.67026e+00 -3.02445e+00
0 -2.67026e+00 -3.01957e+00
0 -2.67026e+00 -3.01916e+00
0 -2.67026e+00 -3.02071e+00
0 -2.67026e+00 -3.01886e+00
0 -2.67026e+00 -3.02202e+00
0 -2.67026e+00 -3.02276e+00
0 -2.67026e+00 -3.02479e+00
0 -2.67026e+00 -3.02802e+00
0 -2.67026e+00 -3.03055e+00
0 -2.67026e+00 -3.02623e+00
0 -2.67026e+00 -3.02952e+00
0 -2.67026e+00 -3.03124e+00
0 -2.67026e+00 -3.03431e+00
0 -2.67026e+00 -3.03174e+00
0 -2.67026e+00 -3.03389e+00
0 -2.67026e+00 -3.03017e+00
0 -2.67026e+00 -3.03102e+00
0 -2.67026e+00 -3.02463e+00
0 -2.67026e+00 -3.02194e+00
0 -2.67026e+00 -3.02154e+00
0 -2.67026e+00 -3.02302e+00
0 -2.67026e+00 -3.02462e+00
0 -2.67026e+00 -3.02257e+00
0 -2.67026e+00 -3.02235e+00
0 -2.67026e+00 -3.02345e+00
0 -2.67026e+00 -3.02303e+00
0 -2.67026e+00 -3.02125e+00
0 -2.67026e+00 -3.02427e+00
0 -2.67026e+00 -3.02018e+00
0 -2.67026e+00 -3.02261e+00
0 -2.67026e+00 -3.02531e+00
0 -2.67026e+00 -3.02342e+00
0 -2.67026e+00 -3.02658e+00
0 -2.67026e+00 -3.02737e+00
0 -2.67026e+00 -3.02868e+00
0 -2.67026e+00 -3.02632e+00
0 -2.67026e+00 -3.02871e+00
0 -2.67026e+00 -3.03177e+00
0 -2.67026e+00 -3.02868e+00
0 -2.67026e+00 -3.02766e+00
0 -2.67026e+00 -3.03024e+00
0 -2.67026e+00 -3.03316e+00
0 -2.67026e+00 -3.03261e+00
0 -2.67026e+00 -3.03506e+00
0 -2.67026e+00 -3.03439e+00
0 -2.67026e+00 -3.03735e+00
0 -2.67026e+00 -3.03219e+00
0 -2.67026e+00 -3.02461e+00
0 -2.67026e+00 -3.02407e+00
0 -2.67026e+00 -3.02295e+00
0 -2.67026e+00 -3.02012e+00
0 -2.67026e+00 -3.02211e+00
0 -2.67026e+00 -3.01981e+00
0 -2.67026e+00 -3.01423e+00
0 -2.67026e+00 -3.01246e+00
0 -2.67026e+00 -3.01399e+00
0 -2.67026e+00 -3.01471e+00
0 -2.67026e+00 -3.01541e+00
0 -2.67026e+00 -3.01831e+00
0 -2.67026e+00 -3.02045e+00
0 -2.67026e+00 -3.02268e+00
0 -2.67026e+00 -3.02560e+00
0 -2.67026e+00 -3.02838e+00
0 -2.67026e+00 -3.03139e+00
0 -2.67026e+00 -3.02342e+00
0 -2.67026e+00 -3.02339e+00
0 -2.67026e+00 -3.02638e+00
0 -2.67026e+00 -3.02936e+00
0 -2.67026e+00 -3.02986e+00
0 -2.67026e+00 -3.02671e+00
0 -2.67026e+00 -3.02961e+00
0 -2.67026e+00 -3.03110e+00
0 -2.67026e+00 -3.02852e+00
0 -2.67026e+00 -3.03147e+00
0 -2.67026e+00 -3.03149e+00
0 -2.67026e+00 -3.03342e+00
0 -2.67026e+00 -3.03302e+00
0 -2.67026e+00 -3.03476e+00
0 -2.67026e+00 -3.03377e+00
0 -2.67026e+00 -3.02735e+00
0 -2.67026e+00 -3.02847e+00
0 -2.67026e+00 -3.02538e+00
0 -2.67026e+00 -3.02571e+00
0 -2.67026e+00 -3.02771e+00
0 -2.67026e+00 -3.02282e+00
0 -2.67026e+00 -3.02496e+00
0 -2.67026e+00 -3.02762e+00
0 -2.67026e+00 -3.02962e+00
0 -2.67026e+00 -3.03058e+00
0 -2.67026e+00 -3.03340e+00
0 -2.67026e+00 -3.03531e+00
0 -2.67026e+00 -3.03067e+00
0 -2.67026e+00 -3.03168e+00
0 -2.67026e+00 -3.03442e+00
0 -2.67026e+00 -3.03687e+00
0 -2.67026e+00 -3.03456e+00
0 -2.67026e+00 -3.03671e+00
0 -2.67026e+00 -3.03952e+00
0 -2.67026e+00 -3.03802e+00
0 -2.67026e+00 -3.03489e+00
0 -2.67026e+00 -3.03678e+00
0 -2.67026e+00 -3.03809e+00
0 -2.67026e+00 -3.03837e+00
0 -2.67026e+00 -3.03959e+00
0 -2.67026e+00 -3.04225e+00
0 -2.67026e+00 -3.03583e+00
0 -2.67026e+00 -3.03796e+00
0 -2.67026e+00 -3.04075e+00
0 -2.67026e+00 -3.03907e+00
0 -2.67026e+00 -3.04091e+00
0 -2.67026e+00 -3.04348e+00
0 -2.67026e+00 -3.04452e+00
0 -2.67026e+00 -3.04710e+00
0 -2.67026e+00 -3.04985e+00
0 -2.67026e+00 -3.05239e+00
0 -2.67026e+00 -3.05318e+00
0 -2.67026e+00 -3.04794e+00
0 -2.67026e+00 -3.04974e+00
0 -2.67026e+00 -3.04572e+00
0 -2.67026e+00 -3.04174e+00
0 -2.67026e+00 -3.04261e+00
0 -2.67026e+00 -3.04527e+00
0 -2.67026e+00 -3.04698e+00
0 -2.67026e+00 -3.04797e+00
0 -2.67026e+00 -3.05037e+00
0 -2.67026e+00 -3.05308e+00
0 -2.67026e+00 -3.05363e+00
0 -2.67026e+00 -3.05259e+00
0 -2.67026e+00 -3.04578e+00
0 -2.67026e+00 -3.04850e+00
0 -2.67026e+00 -3.05113e+00
0 -2.67026e+00 -3.05176e+00
0 -2.67026e+00 -3.05254e+00
0 -2.67026e+00 -3.05485e+00
0 -2.67026e+00 -3.05160e+00
0 -2.67026e+00 -3.05344e+00
0 -2.67026e+00 -3.05493e+00
0 -2.67026e+00 -3.05759e+00
0 -2.67026e+00 -3.05356e+00
0 -2.67026e+00 -3.05321e+00
0 -2.67026e+00 -3.05507e+00
0 -2.67026e+00 -3.05771e+00
0 -2.67026e+00 -3.06030e+00
0 -2.67026e+00 -3.06085e+00
0 -2.67026e+00 -3.06277e+00
0 -2.67026e+00 -3.06446e+00
0 -2.67026e+00 -3.06687e+00
0 -2.67026e+00 -3.06888e+00
0 -2.67026e+00 -3.07016e+00
0 -2.67026e+00 -3.07233e+00
0 -2.67026e+00 -3.07244e+00
0 -2.67026e+00 -3.06560e+00
0 -2.67026e+00 -3.06690e+00
0 -2.67026e+00 -3.06351e+00
0 -2.67026e+00 -3.06510e+00
0 -2.67026e+00 -3.06627e+00
0 -2.67026e+00 -3.05936e+00
0 -2.67026e+00 -3.06082e+00
0 -2.67026e+00 -3.06115e+00
0 -2.67026e+00 -3.06370e+00
0 -2.67026e+00 -3.05741e+00
0 -2.67026e+00 -3.05817e+00
0 -2.67026e+00 -3.05711e+00
0 -2.67026e+00 -3.05468e+00
0 -2.67026e+00 -3.04853e+00
0 -2.67026e+00 -3.05016e+00
0 -2.67026e+00 -3.05022e+00
0 -2.67026e+00 -3.05168e+00
0 -2.67026e+00 -3.05425e+00
0 -2.67026e+00 -3.04826e+00
0 -2.67026e+00 -3.05059e+00
0 -2.67026e+00 -3.04641e+00
0 -2.67026e+00 -3.04890e+00
0 -2.67026e+00 -3.04744e+00
0 -2.67026e+00 -3.04453e+00
0 -2.67026e+00 -3.04471e+00
0 -2.67026e+00 -3.04722e+00
0 -2.67026e+00 -3.04937e+00
0 -2.67026e+00 -3.04888e+00
0 -2.67026e+00 -3.05129e+00
0 -2.67026e+00 -3.05047e+00
0 -2.67026e+00 -3.04466e+00
0 -2.67026e+00 -3.04683e+00
0 -2.67026e+00 -3.04585e+00
0 -2.67026e+00 -3.04838e+00
0 -2.67026e+00 -3.05007e+00
0 -2.67026e+00 -3.05202e+00
0 -2.67026e+00 -3.05168e+00
0 -2.67026e+00 -3.05303e+00
0 -2.67026e+00 -3.04677e+00
0 -2.67026e+00 -3.04429e+00
0 -2.67026e+00 -3.04449e+00
0 -2.67026e+00 -3.04664e+00
0 -2.67026e+00 -3.04755e+00
0 -2.67026e+00 -3.04300e+00
0 -2.67026e+00 -3.03904e+00
0 -2.67026e+00 -3.04132e+00
0 -2.67026e+00 -3.04192e+00
0 -2.67026e+00 -3.04021e+00
0 -2.67026e+00 -3.03782e+00
0 -2.67026e+00 -3.03968e+00
0 -2.67026e+00 -3.04125e+00
0 -2.67026e+00 -3.04160e+00
0 -2.67026e+00 -3.04277e+00
0 -2.67026e+00 -3.04432e+00
0 -2.67026e+00 -3.04348e+00
0 -2.67026e+00 -3.03944e+00
0 -2.67026e+00 -3.04131e+00
0 -2.67026e+00 -3.04030e+00
0 -2.67026e+00 -3.04254e+00
0 -2.67026e+00 -3.03965e+00
0 -2.67026e+00 -3.04195e+00
0 -2.67026e+00 -3.04403e+00
0 -2.67026e+00 -3.04391e+00
0 -2.67026e+00 -3.04620e+00
0 -2.67026e+00 -3.04654e+00
0 -2.67026e+00 -3.04867e+00
0 -2.67026e+00 -3.04832e+00
0 -2.67026e+00 -3.04739e+00
0 -2.67026e+00 -3.04679e+00
0 -2.67026e+00 -3.04511e+00
0 -2.67026e+00 -3.04753e+00
0 -2.67026e+00 -3.04901e+00
0 -2.67026e+00 -3.04927e+00
0 -2.67026e+00 -3.04923e+00
0 -2.67026e+00 -3.04770e+00
0 -2.67026e+00 -3.04579e+00
0 -2.67026e+00 -3.04719e+00
0 -2.67026e+00 -3.04559e+00
0 -2.67026e+00 -3.04795e+00
0 -2.67026e+00 -3.04981e+00
0 -2.67026e+00 -3.04858e+00
0 -2.67026e+00 -3.04975e+00
0 -2.67026e+00 -3.05158e+00
0 -2.67026e+00 -3.05381e+00
0 -2.67026e+00 -3.05334e+00
0 -2.67026e+00 -3.05423e+00
0 -2.67026e+00 -3.05644e+00
0 -2.67026e+00 -3.05789e+00
0 -2.67026e+00 -3.05234e+00
0 -2.67026e+00 -3.05203e+00
0 -2.67026e+00 -3.05394e+00
0 -2.67026e+00 -3.05274e+00
0 -2.67026e+00 -3.05508e+00
0 -2.67026e+00 -3.05275e+00
0 -2.67026e+00 -3.05005e+00
0 -2.67026e+00 -3.05185e+00
0 -2.67026e+00 -3.05415e+00
0 -2.67026e+00 -3.05455e+00
0 -2.67026e+00 -3.05670e+00
0 -2.67026e+00 -3.05896e+00
0 -2.67026e+00 -3.05768e+00
0 -2.67026e+00 -3.05864e+00
0 -2.67026e+00 -3.06098e+00
0 -2.67026e+00 -3.06216e+00
0 -2.67026e+00 -3.06113e+00
0 -2.67026e+00 -3.06023e+00
0 -2.67026e+00 -3.06245e+00
0 -2.67026e+00 -3.06058e+00
0 -2.67026e+00 -3.05856e+00
0 -2.67026e+00 -3.05914e+00
0 -2.67026e+00 -3.06020e+00
0 -2.67026e+00 -3.06184e+00
0 -2.67026e+00 -3.06155e+00
0 -2.67026e+00 -3.05662e+00
0 -2.67026e+00 -3.05057e+00
0 -2.67026e+00 -3.05174e+00
0 -2.67026e+00 -3.05136e+00
0 -2.67026e+00 -3.05221e+00
0 -2.67026e+00 -3.05415e+00
0 -2.67026e+00 -3.05023e+00
0 -2.67026e+00 -3.05245e+00
0 -2.67026e+00 -3.05442e+00
0 -2.67026e+00 -3.05280e+00
0 -2.67026e+00 -3.05361e+00
0 -2.67026e+00 -3.05575e+00
0 -2.67026e+00 -3.05788e+00
0 -2.67026e+00 -3.05843e+00
0 -2.67026e+00 -3.06036e+00
0 -2.67026e+00 -3.06229e+00
0 -2.67026e+00 -3.05722e+00
0 -2.67026e+00 -3.05666e+00
0 -2.67026e+00 -3.05597e+00
0 -2.67026e+00 -3.05671e+00
0 -2.67026e+00 -3.05847e+00
0 -2.67026e+00 -3.05786e+00
0 -2.67026e+00 -3.05658e+00
0 -2.67026e+00 -3.05669e+00
0 -2.67026e+00 -3.05770e+00
0 -2.67026e+00 -3.05639e+00
0 -2.67026e+00 -3.05520e+00
0 -2.67026e+00 -3.05743e+00
0 -2.67026e+00 -3.05961e+00
0 -2.67026e+00 -3.06149e+00
0 -2.67026e+00 -3.06170e+00
0 -2.67026e+00 -3.05818e+00
0 -2.67026e+00 -3.06019e+00
0 -2.67026e+00 -3.06098e+00
0 -2.67026e+00 -3.06292e+00
0 -2.67026e+00 -3.06491e+00
0 -2.67026e+00 -3.06431e+00
0 -2.67026e+00 -3.06535e+00
0 -2.67026e+00 -3.06724e+00
0 -2.67026e+00 -3.06917e+00
0 -2.67026e+00 -3.07068e+00
0 -2.67026e+00 -3.07242e+00
0 -2.67026e+00 -3.07039e+00
0 -2.67026e+00 -3.07239e+00
0 -2.67026e+00 -3.07079e+00
0 -2.67026e+00 -3.07004e+00
0 -2.67026e+00 -3.06848e+00
0 -2.67026e+00 -3.06787e+00
0 -2.67026e+00 -3.06378e+00
0 -2.67026e+00 -3.05872e+00
0 -2.67026e+00 -3.05989e+00
0 -2.67026e+00 -3.06049e+00
0 -2.67026e+00 -3.05704e+00
0 -2.67026e+00 -3.05601e+00
0 -2.67026e+00 -3.05732e+00
0 -2.67026e+00 -3.05681e+00
0 -2.67026e+00 -3.05814e+00
0 -2.67026e+00 -3.05418e+00
0 -2.67026e+00 -3.05558e+00
0 -2.67026e+00 -3.05624e+00
0 -2.67026e+00 -3.05833e+00
0 -2.67026e+00 -3.06047e+00
0 -2.67026e+00 -3.06237e+00
0 -2.67026e+00 -3.06329e+00
0 -2.67026e+00 -3.06399e+00
0 -2.67026e+00 -3.06596e+00
0 -2.67026e+00 -3.06681e+00
0 -2.67026e+00 -3.06625e+00
0 -2.67026e+00 -3.06582e+00
0 -2.67026e+00 -3.06279e+00
0 -2.67026e+00 -3.06490e+00
0 -2.67026e+00 -3.06646e+00
0 -2.67026e+00 -3.06704e+00
0 -2.67026e+00 -3.06722e+00
0 -2.67026e+00 -3.06659e+00
0 -2.67026e+00 -3.06855e+00
0 -2.67026e+00 -3.07041e+00
0 -2.67026e+00 -3.06773e+00
0 -2.67026e+00 -3.06929e+00
0 -2.67026e+00 -3.06858e+00
0 -2.67026e+00 -3.07017e+00
0 -2.67026e+00 -3.07027e+00
0 -2.67026e+00 -3.07204e+00
0 -2.67026e+00 -3.07400e+00
0 -2.67026e+00 -3.07387e+00
0 -2.67026e+00 -3.07012e+00
0 -2.67026e+00 -3.07220e+00
0 -2.67026e+00 -3.06864e+00
0 -2.67026e+00 -3.07059e+00
0 -2.67026e+00 -3.07204e+00
0 -2.67026e+00 -3.07342e+00
0 -2.67026e+00 -3.07487e+00
0 -2.67026e+00 -3.07672e+00
0 -2.67026e+00 -3.07547e+00
0 -2.67026e+00 -3.07740e+00
0 -2.67026e+00 -3.07556e+00
0 -2.67026e+00 -3.07763e+00
0 -2.67026e+00 -3.07947e+00
0 -2.67026e+00 -3.07883e+00
0 -2.67026e+00 -3.07673e+00
0 -2.67026e+00 -3.07780e+00
0 -2.67026e+00 -3.07973e+00
0 -2.67026e+00 -3.08141e+00
0 -2.67026e+00 -3.07919e+00
0 -2.67026e+00 -3.08118e+00
0 -2.67026e+00 -3.08073e+00
0 -2.67026e+00 -3.07642e+00
0 -2.67026e+00 -3.07423e+00
0 -2.67026e+00 -3.07617e+00
0 -2.67026e+00 -3.07248e+00
0 -2.67026e+00 -3.06742e+00
0 -2.67026e+00 -3.06943e+00
0 -2.67026e+00 -3.06799e+00
0 -2.67026e+00 -3.06913e+00
0 -2.67026e+00 -3.06854e+00
0 -2.67026e+00 -3.07006e+00
0 -2.67026e+00 -3.07139e+00
0 -2.67026e+00 -3.06877e+00
0 -2.67026e+00 -3.07068e+00
0 -2.67026e+00 -3.06574e+00
0 -2.67026e+00 -3.06237e+00
0 -2.67026e+00 -3.06020e+00
0 -2.67026e+00 -3.06190e+00
0 -2.67026e+00 -3.06376e+00
0 -2.67026e+00 -3.06414e+00
0 -2.67026e+00 -3.06415e+00
0 -2.67026e+00 -3.06512e+00
0 -2.67026e+00 -3.06078e+00
0 -2.67026e+00 -3.05971e+00
0 -2.67026e+00 -3.06171e+00
0 -2.67026e+00 -3.05861e+00
0 -2.67026e+00 -3.05784e+00
0 -2.67026e+00 -3.05731e+00
0 -2.67026e+00 -3.05915e+00
0 -2.67026e+00 -3.06021e+00
0 -2.67026e+00 -3.05883e+00
0 -2.67026e+00 -3.05791e+00
0 -2.67026e+00 -3.05986e+00
0 -2.67026e+00 -3.06164e+00
0 -2.67026e+00 -3.05866e+00
0 -2.67026e+00 -3.06060e+00
0 -2.67026e+00 -3.06146e+00
0 -2.67026e+00 -3.06230e+00
0 -2.67026e+00 -3.06332e+00
0 -2.67026e+00 -3.06144e+00
0 -2.67026e+00 -3.06320e+00
0 -2.67026e+00 -3.06515e+00
0 -2.67026e+00 -3.06521e+00
0 -2.67026e+00 -3.06685e+00
0 -2.67026e+00 -3.06750e+00
0 -2.67026e+00 -3.06545e+00
0 -2.67026e+00 -3.06457e+00
0 -2.67026e+00 -3.06271e+00
0 -2.67026e+00 -3.06445e+00
0 -2.67026e+00 -3.06406e+00
0 -2.67026e+00 -3.06507e+00
0 -2.67026e+00 -3.06690e+00
0 -2.67026e+00 -3.06212e+00
0 -2.67026e+00 -3.05959e+00
0 -2.67026e+00 -3.05436e+00
0 -2.67026e+00 -3.05065e+00
0 -2.67026e+00 -3.04778e+00
0 -2.67026e+00 -3.04935e+00
0 -2.67026e+00 -3.04704e+00
0 -2.67026e+00 -3.04649e+00
0 -2.67026e+00 -3.04427e+00
0 -2.67026e+00 -3.04317e+00
0 -2.67026e+00 -3.03867e+00
0 -2.67026e+00 -3.04026e+00
0 -2.67026e+00 -3.04217e+00
0 -2.67026e+00 -3.04223e+00
0 -2.67026e+00 -3.03881e+00
0 -2.67026e+00 -3.04043e+00
0 -2.67026e+00 -3.03802e+00
0 -2.67026e+00 -3.03524e+00
0 -2.67026e+00 -3.03382e+00
0 -2.67026e+00 -3.02984e+00
0 -2.67026e+00 -3.02940e+00
0 -2.67026e+00 -3.02491e+00
0 -2.67026e+00 -3.02546e+00
0 -2.67026e+00 -3.02427e+00
0 -2.67026e+00 -3.02007e+00
0 -2.67026e+00 -3.02176e+00
0 -2.67026e+00 -3.01906e+00
0 -2.67026e+00 -3.01832e+00
0 -2.67026e+00 -3.01655e+00
0 -2.67026e+00 -3.01227e+00
0 -2.67026e+00 -3.01179e+00
0 -2.67026e+00 -3.01223e+00
0 -2.67026e+00 -3.01402e+00
0 -2.67026e+00 -3.01502e+00
0 -2.67026e+00 -3.01395e+00
0 -2.67026e+00 -3.01582e+00
0 -2.67026e+00 -3.01544e+00
0 -2.67026e+00 -3.01529e+00
0 -2.67026e+00 -3.01662e+00
0 -2.67026e+00 -3.01765e+00
0 -2.67026e+00 -3.01819e+00
0 -2.67026e+00 -3.01936e+00
0 -2.67026e+00 -3.01729e+00
0 -2.67026e+00 -3.01697e+00
0 -2.67026e+00 -3.01604e+00
0 -2.67026e+00 -3.01539e+00
0 -2.67026e+00 -3.01458e+00
0 -2.67026e+00 -3.01043e+00
0 -2.67026e+00 -3.00948e+00
0 -2.67026e+00 -3.01100e+00
0 -2.67026e+00 -3.01013e+00
0 -2.67026e+00 -3.00628e+00
0 -2.67026e+00 -3.00365e+00
0 -2.67026e+00 -3.00532e+00
0 -2.67026e+00 -3.00687e+00
0 -2.67026e+00 -3.00538e+00
0 -2.67026e+00 -3.00719e+00
0 -2.67026e+00 -3.00531e+00
0 -2.67026e+00 -3.00670e+00
0 -2.67026e+00 -3.00578e+00
0 -2.67026e+00 -3.00490e+00
0 -2.67026e+00 -3.00624e+00
0 -2.67026e+00 -3.00805e+00
0 -2.67026e+00 -3.00964e+00
0 -2.67026e+00 -3.00612e+00
0 -2.67026e+00 -3.00694e+00
0 -2.67026e+00 -3.00607e+00
0 -2.67026e+00 -3.00718e+00
0 -2.67026e+00 -3.00840e+00
0 -2.67026e+00 -3.00787e+00
0 -2.67026e+00 -3.00372e+00
0 -2.67026e+00 -3.00468e+00
0 -2.67026e+00 -3.00536e+00
0 -2.67026e+00 -3.00312e+00
0 -2.67026e+00 -2.99988e+00
0 -2.67026e+00 -3.00082e+00
0 -2.67026e+00 -3.00021e+00
0 -2.67026e+00 -2.99889e+00
0 -2.67026e+00 -3.00067e+00
0 -2.67026e+00 -3.00078e+00
0 -2.67026e+00 -2.99721e+00
0 -2.67026e+00 -2.99717e+00
0 -2.67026e+00 -2.99873e+00
0 -2.67026e+00 -2.99714e+00
0 -2.67026e+00 -2.99859e+00
0 -2.67026e+00 -2.99905e+00
0 -2.67026e+00 -2.99908e+00
0 -2.67026e+00 -2.99443e+00
0 -2.67026e+00 -2.99431e+00
0 -2.67026e+00 -2.99087e+00
0 -2.67026e+00 -2.99210e+00
0 -2.67026e+00 -2.99124e+00
0 -2.67026e+00 -2.99133e+00
0 -2.67026e+00 -2.99282e+00
0 -2.67026e+00 -2.99158e+00
0 -2.67026e+00 -2.99155e+00
0 -2.67026e+00 -2.99141e+00
0 -2.67026e+00 -2.98951e+00
0 -2.67026e+00 -2.99125e+00
0 -2.67026e+00 -2.99297e+00
0 -2.67026e+00 -2.98878e+00
0 -2.67026e+00 -2.99023e+00
0 -2.67026e+00 -2.98886e+00
0 -2.67026e+00 -2.98894e+00
0 -2.67026e+00 -2.99067e+00
0 -2.67026e+00 -2.98916e+00
0 -2.67026e+00 -2.99080e+00
0 -2.67026e+00 -2.99173e+00
0 -2.67026e+00 -2.98781e+00
0 -2.67026e+00 -2.98704e+00
0 -2.67026e+00 -2.98574e+00
0 -2.67026e+00 -2.98457e+00
0 -2.67026e+00 -2.98246e+00
0 -2.67026e+00 -2.97793e+00
0 -2.67026e+00 -2.97924e+00
0 -2.67026e+00 -2.98079e+00
0 -2.67026e+00 -2.98113e+00
0 -2.67026e+00 -2.98285e+00
0 -2.67026e+00 -2.97920e+00
0 -2.67026e+00 -2.97895e+00
0 -2.67026e+00 -2.98036e+00
0 -2.67026e+00 -2.97889e+00
0 -2.67026e+00 -2.98025e+00
0 -2.67026e+00 -2.98194e+00
0 -2.67026e+00 -2.98353e+00
0 -2.67026e+00 -2.98517e+00
0 -2.67026e+00 -2.98670e+00
0 -2.67026e+00 -2.98715e+00
0 -2.67026e+00 -2.98609e+00
0 -2.67026e+00 -2.98742e+00
0 -2.67026e+00 -2.98505e+00
0 -2.67026e+00 -2.98610e+00
0 -2.67026e+00 -2.98749e+00
0 -2.67026e+00 -2.98892e+00
0 -2.67026e+00 -2.98949e+00
0 -2.67026e+00 -2.99084e+00
0 -2.67026e+00 -2.99162e+00
0 -2.67026e+00 -2.99275e+00
0 -2.67026e+00 -2.99386e+00
0 -2.67026e+00 -2.99153e+00
0 -2.67026e+00 -2.99292e+00
0 -2.67026e+00 -2.99458e+00
0 -2.67026e+00 -2.99570e+00
0 -2.67026e+00 -2.99174e+00
0 -2.67026e+00 -2.99286e+00
0 -2.67026e+00 -2.99415e+00
0 -2.67026e+00 -2.98997e+00
0 -2.67026e+00 -2.98923e+00
0 -2.67026e+00 -2.98704e+00
0 -2.67026e+00 -2.98791e+00
0 -2.67026e+00 -2.98949e+00
0 -2.67026e+00 -2.99109e+00
0 -2.67026e+00 -2.99251e+00
0 -2.67026e+00 -2.98876e+00
0 -2.67026e+00 -2.99025e+00
0 -2.67026e+00 -2.99183e+00
0 -2.67026e+00 -2.99091e+00
0 -2.67026e+00 -2.98998e+00
0 -2.67026e+00 -2.99126e+00
0 -2.67026e+00 -2.99231e+00
0 -2.67026e+00 -2.99152e+00
0 -2.67026e+00 -2.99297e+00
0 -2.67026e+00 -2.98904e+00
0 -2.67026e+00 -2.98829e+00
0 -2.67026e+00 -2.98967e+00
0 -2.67026e+00 -2.99096e+00
0 -2.67026e+00 -2.99023e+00
0 -2.67026e+00 -2.99167e+00
0 -2.67026e+00 -2.99293e+00
0 -2.67026e+00 -2.99449e+00
0 -2.67026e+00 -2.99315e+00
0 -2.67026e+00 -2.99427e+00
0 -2.67026e+00 -2.99467e+00
0 -2.67026e+00 -2.99171e+00
0 -2.67026e+00 -2.99216e+00
0 -2.67026e+00 -2.99277e+00
0 -2.67026e+00 -2.99390e+00
0 -2.67026e+00 -2.99438e+00
0 -2.67026e+00 -2.99175e+00
0 -2.67026e+00 -2.99219e+00
0 -2.67026e+00 -2.99348e+00
0 -2.67026e+00 -2.99327e+00
0 -2.67026e+00 -2.99391e+00
0 -2.67026e+00 -2.99364e+00
0 -2.67026e+00 -2.99510e+00
0 -2.67026e+00 -2.99667e+00
0 -2.67026e+00 -2.99789e+00
0 -2.67026e+00 -2.99418e+00
0 -2.67026e+00 -2.99509e+00
0 -2.67026e+00 -2.99427e+00
0 -2.67026e+00 -2.99581e+00
0 -2.67026e+00 -2.99316e+00
0 -2.67026e+00 -2.99107e+00
0 -2.67026e+00 -2.99048e+00
0 -2.67026e+00 -2.99139e+00
0 -2.67026e+00 -2.99298e+00
0 -2.67026e+00 -2.99335e+00
0 -2.67026e+00 -2.99257e+00
0 -2.67026e+00 -2.99415e+00
0 -2.67026e+00 -2.99306e+00
0 -2.67026e+00 -2.99282e+00
0 -2.67026e+00 -2.99111e+00
0 -2.67026e+00 -2.98775e+00
0 -2.67026e+00 -2.98855e+00
0 -2.67026e+00 -2.98994e+00
0 -2.67026e+00 -2.99128e+00
0 -2.67026e+00 -2.99078e+00
0 -2.67026e+00 -2.99189e+00
0 -2.67026e+00 -2.99147e+00
0 -2.67026e+00 -2.99307e+00
0 -2.67026e+00 -2.99304e+00
0 -2.67026e+00 -2.99294e+00
0 -2.67026e+00 -2.99436e+00
0 -2.67026e+00 -2.99398e+00
0 -2.67026e+00 -2.99358e+00
0 -2.67026e+00 -2.99452e+00
0 -2.67026e+00 -2.99601e+00
0 -2.67026e+00 -2.99760e+00
0 -2.67026e+00 -2.99868e+00
0 -2.67026e+00 -2.99984e+00
0 -2.67026e+00 -3.00122e+00
0 -2.67026e+00 -3.00183e+00
0 -2.67026e+00 -3.00239e+00
0 -2.67026e+00 -3.00380e+00
0 -2.67026e+00 -3.00519e+00
0 -2.67026e+00 -3.00234e+00
0 -2.67026e+00 -3.00330e+00
0 -2.67026e+00 -3.00488e+00
0 -2.67026e+00 -3.00273e+00
0 -2.67026e+00 -3.00259e+00
0 -2.67026e+00 -3.00119e+00
0 -2.67026e+00 -3.00231e+00
0 -2.67026e+00 -3.00382e+00
0 -2.67026e+00 -3.00483e+00
0 -2.67026e+00 -3.00610e+00
0 -2.67026e+00 -3.00697e+00
0 -2.67026e+00 -3.00552e+00
0 -2.67026e+00 -3.00696e+00
0 -2.67026e+00 -3.00305e+00
0 -2.67026e+00 -3.00190e+00
0 -2.67026e+00 -2.99831e+00
0 -2.67026e+00 -2.99794e+00
0 -2.67026e+00 -2.99935e+00
0 -2.67026e+00 -2.99871e+00
0 -2.67026e+00 -2.99735e+00
0 -2.67026e+00 -2.99544e+00
0 -2.67026e+00 -2.99588e+00
0 -2.67026e+00 -2.99626e+00
0 -2.67026e+00 -2.99399e+00
0 -2.67026e+00 -2.99548e+00
0 -2.67026e+00 -2.99436e+00
0 -2.67026e+00 -2.99583e+00
0 -2.67026e+00 -2.99502e+00
0 -2.67026e+00 -2.99496e+00
0 -2.67026e+00 -2.99586e+00
0 -2.67026e+00 -2.99678e+00
0 -2.67026e+00 -2.99506e+00
0 -2.67026e+00 -2.99514e+00
0 -2.67026e+00 -2.99535e+00
0 -2.67026e+00 -2.99479e+00
0 -2.67026e+00 -2.99451e+00
0 -2.67026e+00 -2.99540e+00
0 -2.67026e+00 -2.99652e+00
0 -2.67026e+00 -2.99681e+00
0 -2.67026e+00 -2.99825e+00
0 -2.67026e+00 -2.99975e+00
0 -2.67026e+00 -3.00104e+00
0 -2.67026e+00 -3.00230e+00
0 -2.67026e+00 -3.00375e+00
0 -2.67026e+00 -3.00139e+00
0 -2.67026e+00 -3.00276e+00
0 -2.67026e+00 -3.00413e+00
0 -2.67026e+00 -3.00527e+00
0 -2.67026e+00 -3.00590e+00
0 -2.67026e+00 -3.00651e+00
0 -2.67026e+00 -3.00373e+00
0 -2.67026e+00 -3.00342e+00
0 -2.67026e+00 -3.00306e+00
0 -2.67026e+00 -2.99900e+00
0 -2.67026e+00 -3.00049e+00
0 -2.67026e+00 -2.99962e+00
0 -2.67026e+00 -3.00029e+00
0 -2.67026e+00 -2.99987e+00
0 -2.67026e+00 -3.00077e+00
0 -2.67026e+00 -3.00154e+00
0 -2.67026e+00 -3.00132e+00
0 -2.67026e+00 -2.99987e+00
0 -2.67026e+00 -3.00094e+00
0 -2.67026e+00 -3.00176e+00
0 -2.67026e+00 -3.00280e+00
0 -2.67026e+00 -3.00430e+00
0 -2.67026e+00 -3.00493e+00
0 -2.67026e+00 -3.00585e+00
0 -2.67026e+00 -3.00574e+00
0 -2.67026e+00 -3.00603e+00
0 -2.67026e+00 -3.00528e+00
0 -2.67026e+00 -3.00432e+00
0 -2.67026e+00 -3.00578e+00
0 -2.67026e+00 -3.00448e+00
0 -2.67026e+00 -3.00287e+00
0 -2.67026e+00 -3.00404e+00
0 -2.67026e+00 -3.00553e+00
0 -2.67026e+00 -3.00630e+00
0 -2.67026e+00 -3.00750e+00
0 -2.67026e+00 -3.00785e+00
0 -2.67026e+00 -3.00765e+00
0 -2.67026e+00 -3.00913e+00
0 -2.67026e+00 -3.00942e+00
0 -2.67026e+00 -3.01004e+00
0 -2.67026e+00 -3.01139e+00
0 -2.67026e+00 -3.01180e+00
0 -2.67026e+00 -3.01144e+00
0 -2.67026e+00 -3.01264e+00
0 -2.67026e+00 -3.01402e+00
0 -2.67026e+00 -3.01182e+00
0 -2.67026e+00 -3.01328e+00
0 -2.67026e+00 -3.01456e+00
0 -2.67026e+00 -3.01475e+00
0 -2.67026e+00 -3.01522e+00
0 -2.67026e+00 -3.01659e+00
0 -2.67026e+00 -3.01805e+00
0 -2.67026e+00 -3.01475e+00
0 -2.67026e+00 -3.01533e+00
0 -2.67026e+00 -3.01257e+00
0 -2.67026e+00 -3.01117e+00
0 -2.67026e+00 -3.01257e+00
0 -2.67026e+00 -3.00989e+00
0 -2.67026e+00 -3.01047e+00
0 -2.67026e+00 -3.01155e+00
0 -2.67026e+00 -3.01299e+00
0 -2.67026e+00 -3.01359e+00
0 -2.67026e+00 -3.01392e+00
0 -2.67026e+00 -3.01359e+00
0 -2.67026e+00 -3.01409e+00
0 -2.67026e+00 -3.01222e+00
0 -2.67026e+00 -3.01321e+00
0 -2.67026e+00 -3.01278e+00
0 -2.67026e+00 -3.01325e+00
0 -2.67026e+00 -3.01105e+00
0 -2.67026e+00 -3.01181e+00
0 -2.67026e+00 -3.01276e+00
0 -2.67026e+00 -3.01307e+00
0 -2.67026e+00 -3.01442e+00
0 -2.67026e+00 -3.01548e+00
0 -2.67026e+00 -3.01649e+00
0 -2.67026e+00 -3.01782e+00
0 -2.67026e+00 -3.01475e+00
0 -2.67026e+00 -3.01427e+00
0 -2.67026e+00 -3.01551e+00
0 -2.67026e+00 -3.01660e+00
0 -2.67026e+00 -3.01784e+00
0 -2.67026e+00 -3.01609e+00
0 -2.67026e+00 -3.01715e+00
0 -2.67026e+00 -3.01503e+00
0 -2.67026e+00 -3.01193e+00
0 -2.67026e+00 -3.01017e+00
0 -2.67026e+00 -3.01132e+00
0 -2.67026e+00 -3.01230e+00
0 -2.67026e+00 -3.01350e+00
0 -2.67026e+00 -3.01400e+00
0 -2.67026e+00 -3.01518e+00
0 -2.67026e+00 -3.01645e+00
0 -2.67026e+00 -3.01601e+00
0 -2.67026e+00 -3.01650e+00
0 -2.67026e+00 -3.01322e+00
0 -2.67026e+00 -3.01448e+00
0 -2.67026e+00 -3.01466e+00
0 -2.67026e+00 -3.01595e+00
0 -2.67026e+00 -3.01366e+00
0 -2.67026e+00 -3.01266e+00
0 -2.67026e+00 -3.01321e+00
0 -2.67026e+00 -3.01181e+00
0 -2.67026e+00 -3.01249e+00
0 -2.67026e+00 -3.01094e+00
0 -2.67026e+00 -3.01133e+00
0 -2.67026e+00 -3.01238e+00
0 -2.67026e+00 -3.01379e+00
0 -2.67026e+00 -3.01389e+00
0 -2.67026e+00 -3.01455e+00
0 -2.67026e+00 -3.01532e+00
0 -2.67026e+00 -3.01627e+00
0 -2.67026e+00 -3.01426e+00
0 -2.67026e+00 -3.01250e+00
0 -2.67026e+00 -3.01280e+00
0 -2.67026e+00 -3.01412e+00
0 -2.67026e+00 -3.01490e+00
0 -2.67026e+00 -3.01628e+00
0 -2.67026e+00 -3.01733e+00
0 -2.67026e+00 -3.01845e+00
0 -2.67026e+00 -3.01830e+00
0 -2.67026e+00 -3.01951e+00
0 -2.67026e+00 -3.02077e+00
0 -2.67026e+00 -3.02195e+00
0 -2.67026e+00 -3.02325e+00
0 -2.67026e+00 -3.02141e+00
0 -2.67026e+00 -3.01910e+00
0 -2.67026e+00 -3.02015e+00
0 -2.67026e+00 -3.01986e+00
0 -2.67026e+00 -3.02041e+00
0 -2.67026e+00 -3.02178e+00
0 -2.67026e+00 -3.02296e+00
0 -2.67026e+00 -3.02412e+00
0 -2.67026e+00 -3.02474e+00
0 -2.67026e+00 -3.02592e+00
0 -2.67026e+00 -3.02662e+00
0 -2.67026e+00 -3.02482e+00
0 -2.67026e+00 -3.02188e+00
0 -2.67026e+00 -3.02252e+00
0 -2.67026e+00 -3.02183e+00
0 -2.67026e+00 -3.02311e+00
0 -2.67026e+00 -3.01967e+00
0 -2.67026e+00 -3.01683e+00
0 -2.67026e+00 -3.01818e+00
0 -2.67026e+00 -3.01760e+00
0 -2.67026e+00 -3.01804e+00
0 -2.67026e+00 -3.01938e+00
0 -2.67026e+00 -3.02066e+00
0 -2.67026e+00 -3.02179e+00
0 -2.67026e+00 -3.02115e+00
0 -2.67026e+00 -3.02193e+00
0 -2.67026e+00 -3.02007e+00
0 -2.67026e+00 -3.01838e+00
0 -2.67026e+00 -3.01890e+00
0 -2.67026e+00 -3.01840e+00
0 -2.67026e+00 -3.01530e+00
0 -2.67026e+00 -3.01524e+00
0 -2.67026e+00 -3.01650e+00
0 -2.67026e+00 -3.01664e+00
0 -2.67026e+00 -3.01340e+00
0 -2.67026e+00 -3.01348e+00
0 -2.67026e+00 -3.01479e+00
0 -2.67026e+00 -3.01585e+00
0 -2.67026e+00 -3.01606e+00
0 -2.67026e+00 -3.01503e+00
0 -2.67026e+00 -3.01635e+00
0 -2.67026e+00 -3.01420e+00
0 -2.67026e+00 -3.01545e+00
0 -2.67026e+00 -3.01629e+00
0 -2.67026e+00 -3.01360e+00
0 -2.67026e+00 -3.01360e+00
0 -2.67026e+00 -3.01324e+00
0 -2.67026e+00 -3.01284e+00
0 -2.67026e+00 -3.01330e+00
0 -2.67026e+00 -3.01461e+00
0 -2.67026e+00 -3.01361e+00
0 -2.67026e+00 -3.01316e+00
0 -2.67026e+00 -3.01418e+00
0 -2.67026e+00 -3.01543e+00
0 -2.67026e+00 -3.01541e+00
0 -2.67026e+00 -3.01675e+00
0 -2.67026e+00 -3.01486e+00
0 -2.67026e+00 -3.01601e+00
0 -2.67026e+00 -3.01670e+00
0 -2.67026e+00 -3.01765e+00
0 -2.67026e+00 -3.01776e+00
0 -2.67026e+00 -3.01611e+00
0 -2.67026e+00 -3.01583e+00
0 -2.67026e+00 -3.01278e+00
0 -2.67026e+00 -3.01188e+00
0 -2.67026e+00 -3.01288e+00
0 -2.67026e+00 -3.01388e+00
0 -2.67026e+00 -3.01267e+00
0 -2.67026e+00 -3.01366e+00
0 -2.67026e+00 -3.01342e+00
0 -2.67026e+00 -3.01215e+00
0 -2.67026e+00 -3.01322e+00
0 -2.67026e+00 -3.01232e+00
0 -2.67026e+00 -3.01121e+00
0 -2.67026e+00 -3.01189e+00
0 -2.67026e+00 -3.01292e+00
0 -2.67026e+00 -3.01134e+00
0 -2.67026e+00 -3.01249e+00
0 -2.67026e+00 -3.01354e+00
0 -2.67026e+00 -3.01444e+00
0 -2.67026e+00 -3.01445e+00
0 -2.67026e+00 -3.01568e+00
0 -2.67026e+00 -3.01544e+00
0 -2.67026e+00 -3.01662e+00
0 -2.67026e+00 -3.01775e+00
0 -2.67026e+00 -3.01738e+00
0 -2.67026e+00 -3.01867e+00
0 -2.67026e+00 -3.01967e+00
0 -2.67026e+00 -3.02097e+00
0 -2.67026e+00 -3.02046e+00
0 -2.67026e+00 -3.02125e+00
0 -2.67026e+00 -3.02199e+00
0 -2.67026e+00 -3.02057e+00
0 -2.67026e+00 -3.02177e+00
0 -2.67026e+00 -3.02072e+00
0 -2.67026e+00 -3.01971e+00
0 -2.67026e+00 -3.02100e+00
0 -2.67026e+00 -3.02053e+00
0 -2.67026e+00 -3.01886e+00
0 -2.67026e+00 -3.01738e+00
0 -2.67026e+00 -3.01849e+00
0 -2.67026e+00 -3.01876e+00
0 -2.67026e+00 -3.02004e+00
0 -2.67026e+00 -3.02004e+00
0 -2.67026e+00 -3.01966e+00
0 -2.67026e+00 -3.02083e+00
0 -2.67026e+00 -3.02064e+00
0 -2.67026e+00 -3.02193e+00
0 -2.67026e+00 -3.02286e+00
0 -2.67026e+00 -3.02165e+00
0 -2.67026e+00 -3.01895e+00
0 -2.67026e+00 -3.01836e+00
0 -2.67026e+00 -3.01843e+00
0 -2.67026e+00 -3.01912e+00
0 -2.67026e+00 -3.02028e+00
0 -2.67026e+00 -3.02026e+00
0 -2.67026e+00 -3.02144e+00
0 -2.67026e+00 -3.01853e+00
0 -2.67026e+00 -3.01804e+00
0 -2.67026e+00 -3.01783e+00
0 -2.67026e+00 -3.01905e+00
0 -2.67026e+00 -3.02004e+00
0 -2.67026e+00 -3.02066e+00
0 -2.67026e+00 -3.01892e+00
0 -2.67026e+00 -3.01707e+00
0 -2.67026e+00 -3.01830e+00
0 -2.67026e+00 -3.01862e+00
0 -2.67026e+00 -3.01943e+00
0 -2.67026e+00 -3.01719e+00
0 -2.67026e+00 -3.01622e+00
0 -2.67026e+00 -3.01662e+00
0 -2.67026e+00 -3.01754e+00
0 -2.67026e+00 -3.01581e+00
0 -2.67026e+00 -3.01609e+00
0 -2.67026e+00 -3.01485e+00
0 -2.67026e+00 -3.01439e+00
0 -2.67026e+00 -3.01247e+00
0 -2.67026e+00 -3.01343e+00
0 -2.67026e+00 -3.01420e+00
0 -2.67026e+00 -3.01493e+00
0 -2.67026e+00 -3.01585e+00
0 -2.67026e+00 -3.01595e+00
0 -2.67026e+00 -3.01661e+00
0 -2.67026e+00 -3.01609e+00
0 -2.67026e+00 -3.01362e+00
0 -2.67026e+00 -3.01330e+00
0 -2.67026e+00 -3.01439e+00
0 -2.67026e+00 -3.01544e+00
0 -2.67026e+00 -3.01658e+00
0 -2.67026e+00 -3.01749e+00
0 -2.67026e+00 -3.01871e+00
0 -2.67026e+00 -3.01972e+00
0 -2.67026e+00 -3.02092e+00
0 -2.67026e+00 -3.02206e+00
0 -2.67026e+00 -3.02268e+00
0 -2.67026e+00 -3.02281e+00
0 -2.67026e+00 -3.01963e+00
0 -2.67026e+00 -3.02026e+00
0 -2.67026e+00 -3.02053e+00
0 -2.67026e+00 -3.01983e+00
0 -2.67026e+00 -3.02109e+00
0 -2.67026e+00 -3.02141e+00
0 -2.67026e+00 -3.01917e+00
0 -2.67026e+00 -3.01612e+00
0 -2.67026e+00 -3.01737e+00
0 -2.67026e+00 -3.01827e+00
0 -2.67026e+00 -3.01560e+00
0 -2.67026e+00 -3.01667e+00
0 -2.67026e+00 -3.01747e+00
0 -2.67026e+00 -3.01827e+00
0 -2.67026e+00 -3.01787e+00
0 -2.67026e+00 -3.01907e+00
0 -2.67026e+00 -3.02015e+00
0 -2.67026e+00 -3.01992e+00
0 -2.67026e+00 -3.02062e+00
0 -2.67026e+00 -3.02185e+00
0 -2.67026e+00 -3.01993e+00
0 -2.67026e+00 -3.02023e+00
0 -2.67026e+00 -3.01892e+00
0 -2.67026e+00 -3.02010e+00
0 -2.67026e+00 -3.02126e+00
0 -2.67026e+00 -3.02243e+00
0 -2.67026e+00 -3.02152e+00
0 -2.67026e+00 -3.01991e+00
0 -2.67026e+00 -3.02082e+00
0 -2.67026e+00 -3.02200e+00
0 -2.67026e+00 -3.02302e+00
0 -2.67026e+00 -3.02425e+00
0 -2.67026e+00 -3.02545e+00
0 -2.67026e+00 -3.02327e+00
0 -2.67026e+00 -3.02128e+00
0 -2.67026e+00 -3.02053e+00
0 -2.67026e+00 -3.02176e+00
0 -2.67026e+00 -3.02108e+00
0 -2.67026e+00 -3.02179e+00
0 -2.67026e+00 -3.02267e+00
0 -2.67026e+00 -3.02310e+00
0 -2.67026e+00 -3.02432e+00
0 -2.67026e+00 -3.02551e+00
0 -2.67026e+00 -3.02659e+00
0 -2.67026e+00 -3.02781e+00
0 -2.67026e+00 -3.02823e+00
0 -2.67026e+00 -3.02799e+00
0 -2.67026e+00 -3.02851e+00
0 -2.67026e+00 -3.02848e+00
0 -2.67026e+00 -3.02921e+00
0 -2.67026e+00 -3.02813e+00
0 -2.67026e+00 -3.02922e+00
0 -2.67026e+00 -3.03012e+00
0 -2.67026e+00 -3.02760e+00
0 -2.67026e+00 -3.02850e+00
0 -2.67026e+00 -3.02871e+00
0 -2.67026e+00 -3.02851e+00
0 -2.67026e+00 -3.02869e+00
0 -2.67026e+00 -3.02984e+00
0 -2.67026e+00 -3.02971e+00
0 -2.67026e+00 -3.03086e+00
0 -2.67026e+00 -3.03000e+00
0 -2.67026e+00 -3.03100e+00
0 -2.67026e+00 -3.02882e+00
0 -2.67026e+00 -3.02573e+00
0 -2.67026e+00 -3.02690e+00
0 -2.67026e+00 -3.02449e+00
0 -2.67026e+00 -3.02167e+00
0 -2.67026e+00 -3.02205e+00
0 -2.67026e+00 -3.01945e+00
0 -2.67026e+00 -3.02047e+00
0 -2.67026e+00 -3.02148e+00
0 -2.67026e+00 -3.01931e+00
0 -2.67026e+00 -3.01825e+00
0 -2.67026e+00 -3.01886e+00
0 -2.67026e+00 -3.01641e+00
0 -2.67026e+00 -3.01477e+00
0 -2.67026e+00 -3.01594e+00
0 -2.67026e+00 -3.01691e+00
0 -2.67026e+00 -3.01631e+00
0 -2.67026e+00 -3.01465e+00
0 -2.67026e+00 -3.01580e+00
0 -2.67026e+00 -3.01680e+00
0 -2.67026e+00 -3.01443e+00
0 -2.67026e+00 -3.01555e+00
0 -2.67026e+00 -3.01645e+00
0 -2.67026e+00 -3.01536e+00
0 -2.67026e+00 -3.01322e+00
0 -2.67026e+00 -3.01347e+00
0 -2.67026e+00 -3.01160e+00
0 -2.67026e+00 -3.00988e+00
0 -2.67026e+00 -3.01049e+00
0 -2.67026e+00 -3.00806e+00
0 -2.67026e+00 -3.00916e+00
0 -2.67026e+00 -3.00987e+00
0 -2.67026e+00 -3.01094e+00
0 -2.67026e+00 -3.01086e+00
0 -2.67026e+00 -3.01149e+00
0 -2.67026e+00 -3.01244e+00
0 -2.67026e+00 -3.00982e+00
0 -2.67026e+00 -3.00761e+00
0 -2.67026e+00 -3.00657e+00
0 -2.67026e+00 -3.00723e+00
0 -2.67026e+00 -3.00823e+00
0 -2.67026e+00 -3.00854e+00
0 -2.67026e+00 -3.00849e+00
0 -2.67026e+00 -3.00654e+00
0 -2.67026e+00 -3.00731e+00
0 -2.67026e+00 -3.00668e+00
0 -2.67026e+00 -3.00686e+00
0 -2.67026e+00 -3.00521e+00
0 -2.67026e+00 -3.00290e+00
0 -2.67026e+00 -3.00098e+00
0 -2.67026e+00 -3.00071e+00
0 -2.67026e+00 -3.00130e+00
0 -2.67026e+00 -3.00246e+00
0 -2.67026e+00 -3.00166e+00
0 -2.67026e+00 -3.00211e+00
0 -2.67026e+00 -3.00192e+00
0 -2.67026e+00 -3.00300e+00
0 -2.67026e+00 -3.00412e+00
0 -2.67026e+00 -3.00504e+00
0 -2.67026e+00 -3.00608e+00
0 -2.67026e+00 -3.00662e+00
0 -2.67026e+00 -3.00617e+00
0 -2.67026e+00 -3.00714e+00
0 -2.67026e+00 -3.00819e+00
0 -2.67026e+00 -3.00885e+00
0 -2.67026e+00 -3.00826e+00
0 -2.67026e+00 -3.00628e+00
0 -2.67026e+00 -3.00442e+00
0 -2.67026e+00 -3.00537e+00
0 -2.67026e+00 -3.00241e+00
0 -2.67026e+00 -3.00333e+00
0 -2.67026e+00 -3.00361e+00
0 -2.67026e+00 -3.00464e+00
0 -2.67026e+00 -3.00513e+00
0 -2.67026e+00 -3.00599e+00
0 -2.67026e+00 -3.00684e+00
0 -2.67026e+00 -3.00629e+00
0 -2.67026e+00 -3.00690e+00
0 -2.67026e+00 -3.00743e+00
0 -2.67026e+00 -3.00857e+00
0 -2.67026e+00 -3.00944e+00
0 -2.67026e+00 -3.00740e+00
0 -2.67026e+00 -3.00845e+00
0 -2.67026e+00 -3.00702e+00
0 -2.67026e+00 -3.00607e+00
0 -2.67026e+00 -3.00531e+00
0 -2.67026e+00 -3.00593e+00
0 -2.67026e+00 -3.00703e+00
0 -2.67026e+00 -3.00773e+00
0 -2.67026e+00 -3.00870e+00
0 -2.67026e+00 -3.00956e+00
0 -2.67026e+00 -3.01020e+00
0 -2.67026e+00 -3.00966e+00
0 -2.67026e+00 -3.00745e+00
0 -2.67026e+00 -3.00823e+00
0 -2.67026e+00 -3.00920e+00
0 -2.67026e+00 -3.01018e+00
0 -2.67026e+00 -3.01075e+00
0 -2.67026e+00 -3.00987e+00
0 -2.67026e+00 -3.01009e+00
0 -2.67026e+00 -3.01050e+00
0 -2.67026e+00 -3.01075e+00
0 -2.67026e+00 -3.01010e+00
0 -2.67026e+00 -3.00890e+00
0 -2.67026e+00 -3.00855e+00
0 -2.67026e+00 -3.00688e+00
0 -2.67026e+00 -3.00773e+00
0 -2.67026e+00 -3.00884e+00
0 -2.67026e+00 -3.00988e+00
0 -2.67026e+00 -3.00992e+00
0 -2.67026e+00 -3.01001e+00
0 -2.67026e+00 -3.01069e+00
0 -2.67026e+00 -3.01061e+00
0 -2.67026e+00 -3.01157e+00
0 -2.67026e+00 -3.01267e+00
0 -2.67026e+00 -3.01003e+00
0 -2.67026e+00 -3.00840e+00
0 -2.67026e+00 -3.00903e+00
0 -2.67026e+00 -3.00938e+00
0 -2.67026e+00 -3.00848e+00
0 -2.67026e+00 -3.00616e+00
0 -2.67026e+00 -3.00721e+00
0 -2.67026e+00 -3.00418e+00
0 -2.67026e+00 -3.00390e+00
0 -2.67026e+00 -3.00403e+00
0 -2.67026e+00 -3.00511e+00
0 -2.67026e+00 -3.00556e+00
0 -2.67026e+00 -3.00623e+00
0 -2.67026e+00 -3.00644e+00
0 -2.67026e+00 -3.00656e+00
0 -2.67026e+00 -3.00463e+00
0 -2.67026e+00 -3.00457e+00
0 -2.67026e+00 -3.00445e+00
0 -2.67026e+00 -3.00502e+00
0 -2.67026e+00 -3.00498e+00
0 -2.67026e+00 -3.00589e+00
0 -2.67026e+00 -3.00353e+00
0 -2.67026e+00 -3.00447e+00
0 -2.67026e+00 -3.00438e+00
0 -2.67026e+00 -3.00201e+00
0 -2.67026e+00 -3.00184e+00
0 -2.67026e+00 -3.00196e+00
0 -2.67026e+00 -2.99988e+00
0 -2.67026e+00 -3.00078e+00
0 -2.67026e+00 -2.99972e+00
0 -2.67026e+00 -3.00023e+00
0 -2.67026e+00 -3.00124e+00
0 -2.67026e+00 -2.99999e+00
0 -2.67026e+00 -3.00050e+00
0 -2.67026e+00 -3.00137e+00
0 -2.67026e+00 -3.00232e+00
0 -2.67026e+00 -3.00229e+00
0 -2.67026e+00 -3.00180e+00
0 -2.67026e+00 -2.99936e+00
0 -2.67026e+00 -2.99869e+00
0 -2.67026e+00 -2.99610e+00
0 -2.67026e+00 -2.99399e+00
0 -2.67026e+00 -2.99509e+00
0 -2.67026e+00 -2.99613e+00
0 -2.67026e+00 -2.99368e+00
0 -2.67026e+00 -2.99266e+00
0 -2.67026e+00 -2.99318e+00
0 -2.67026e+00 -2.99284e+00
0 -2.67026e+00 -2.99384e+00
0 -2.67026e+00 -2.99215e+00
0 -2.67026e+00 -2.99323e+00
0 -2.67026e+00 -2.99172e+00
0 -2.67026e+00 -2.99177e+00
0 -2.67026e+00 -2.99214e+00
0 -2.67026e+00 -2.99285e+00
0 -2.67026e+00 -2.99293e+00
0 -2.67026e+00 -2.99388e+00
0 -2.67026e+00 -2.99478e+00
0 -2.67026e+00 -2.99481e+00
0 -2.67026e+00 -2.99272e+00
0 -2.67026e+00 -2.99135e+00
0 -2.67026e+00 -2.99239e+00
0 -2.67026e+00 -2.99319e+00
0 -2.67026e+00 -2.99375e+00
0 -2.67026e+00 -2.99414e+00
0 -2.67026e+00 -2.99491e+00
0 -2.67026e+00 -2.99547e+00
0 -2.67026e+00 -2.99656e+00
0 -2.67026e+00 -2.99737e+00
0 -2.67026e+00 -2.99833e+00
0 -2.67026e+00 -2.99873e+00
0 -2.67026e+00 -2.99685e+00
0 -2.67026e+00 -2.99528e+00
0 -2.67026e+00 -2.99634e+00
0 -2.67026e+00 -2.99707e+00
0 -2.67026e+00 -2.99639e+00
0 -2.67026e+00 -2.99621e+00
0 -2.67026e+00 -2.99634e+00
0 -2.67026e+00 -2.99530e+00
0 -2.67026e+00 -2.99395e+00
0 -2.67026e+00 -2.99158e+00
0 -2.67026e+00 -2.99256e+00
0 -2.67026e+00 -2.99364e+00
0 -2.67026e+00 -2.99254e+00
0 -2.67026e+00 -2.99329e+00
0 -2.67026e+00 -2.99106e+00
0 -2.67026e+00 -2.99009e+00
0 -2.67026e+00 -2.99091e+00
0 -2.67026e+00 -2.98945e+00
0 -2.67026e+00 -2.98921e+00
0 -2.67026e+00 -2.98971e+00
0 -2.67026e+00 -2.99077e+00
0 -2.67026e+00 -2.99172e+00
0 -2.67026e+00 -2.99279e+00
0 -2.67026e+00 -2.99345e+00
0 -2.67026e+00 -2.99445e+00
0 -2.67026e+00 -2.99506e+00
0 -2.67026e+00 -2.99586e+00
0 -2.67026e+00 -2.99666e+00
0 -2.67026e+00 -2.99426e+00
0 -2.67026e+00 -2.99325e+00
0 -2.67026e+00 -2.99429e+00
0 -2.67026e+00 -2.99526e+00
0 -2.67026e+00 -2.99401e+00
0 -2.67026e+00 -2.99290e+00
0 -2.67026e+00 -2.99196e+00
0 -2.67026e+00 -2.99289e+00
0 -2.67026e+00 -2.99276e+00
0 -2.67026e+00 -2.99359e+00
0 -2.67026e+00 -2.99396e+00
0 -2.67026e+00 -2.99499e+00
0 -2.67026e+00 -2.99603e+00
0 -2.67026e+00 -2.99626e+00
0 -2.67026e+00 -2.99626e+00
0 -2.67026e+00 -2.99730e+00
0 -2.67026e+00 -2.99775e+00
0 -2.67026e+00 -2.99856e+00
0 -2.67026e+00 -2.99958e+00
0 -2.67026e+00 -2.99825e+00
0 -2.67026e+00 -2.99929e+00
0 -2.67026e+00 -2.99969e+00
0 -2.67026e+00 -3.00069e+00
0 -2.67026e+00 -3.00141e+00
0 -2.67026e+00 -3.00238e+00
0 -2.67026e+00 -3.00180e+00
0 -2.67026e+00 -3.00099e+00
0 -2.67026e+00 -2.99896e+00
0 -2.67026e+00 -2.99889e+00
0 -2.67026e+00 -2.99938e+00
0 -2.67026e+00 -2.99977e+00
0 -2.67026e+00 -3.00018e+00
0 -2.67026e+00 -3.00123e+00
0 -2.67026e+00 -2.99883e+00
0 -2.67026e+00 -2.99945e+00
0 -2.67026e+00 -2.99920e+00
0 -2.67026e+00 -2.99778e+00
0 -2.67026e+00 -2.99799e+00
0 -2.67026e+00 -2.99645e+00
0 -2.67026e+00 -2.99602e+00
0 -2.67026e+00 -2.99501e+00
0 -2.67026e+00 -2.99598e+00
0 -2.67026e+00 -2.99657e+00
0 -2.67026e+00 -2.99723e+00
0 -2.67026e+00 -2.99750e+00
0 -2.67026e+00 -2.99791e+00
0 -2.67026e+00 -2.99563e+00
0 -2.67026e+00 -2.99597e+00
0 -2.67026e+00 -2.99627e+00
0 -2.67026e+00 -2.99701e+00
0 -2.67026e+00 -2.99644e+00
0 -2.67026e+00 -2.99518e+00
0 -2.67026e+00 -2.99498e+00
0 -2.67026e+00 -2.99601e+00
0 -2.67026e+00 -2.99701e+00
0 -2.67026e+00 -2.99595e+00
0 -2.67026e+00 -2.99624e+00
0 -2.67026e+00 -2.99675e+00
0 -2.67026e+00 -2.99735e+00
0 -2.67026e+00 -2.99748e+00
0 -2.67026e+00 -2.99713e+00
0 -2.67026e+00 -2.99484e+00
0 -2.67026e+00 -2.99528e+00
0 -2.67026e+00 -2.99609e+00
0 -2.67026e+00 -2.99555e+00
0 -2.67026e+00 -2.99541e+00
0 -2.67026e+00 -2.99630e+00
0 -2.67026e+00 -2.99650e+00
0 -2.67026e+00 -2.99751e+00
0 -2.67026e+00 -2.99683e+00
0 -2.67026e+00 -2.99762e+00
0 -2.67026e+00 -2.99865e+00
0 -2.67026e+00 -2.99848e+00
0 -2.67026e+00 -2.99924e+00
0 -2.67026e+00 -2.99970e+00
0 -2.67026e+00 -2.99972e+00
0 -2.67026e+00 -2.99804e+00
0 -2.67026e+00 -2.99899e+00
0 -2.67026e+00 -2.99974e+00
0 -2.67026e+00 -2.99943e+00
0 -2.67026e+00 -2.99975e+00
0 -2.67026e+00 -2.99836e+00
0 -2.67026e+00 -2.99925e+00
0 -2.67026e+00 -2.99945e+00
0 -2.67026e+00 -2.99983e+00
0 -2.67026e+00 -3.00076e+00
0 -2.67026e+00 -3.00134e+00
0 -2.67026e+00 -3.00228e+00
0 -2.67026e+00 -3.00285e+00
0 -2.67026e+00 -3.00223e+00
0 -2.67026e+00 -3.00268e+00
0 -2.67026e+00 -3.00326e+00
0 -2.67026e+00 -3.00412e+00
0 -2.67026e+00 -3.00511e+00
0 -2.67026e+00 -3.00533e+00
0 -2.67026e+00 -3.00504e+00
0 -2.67026e+00 -3.00524e+00
0 -2.67026e+00 -3.00591e+00
0 -2.67026e+00 -3.00327e+00
0 -2.67026e+00 -3.00250e+00
0 -2.67026e+00 -3.00238e+00
0 -2.67026e+00 -3.00118e+00
0 -2.67026e+00 -3.00188e+00
0 -2.67026e+00 -2.99987e+00
0 -2.67026e+00 -2.99876e+00
0 -2.67026e+00 -2.99949e+00
0 -2.67026e+00 -2.99814e+00
0 -2.67026e+00 -2.99835e+00
0 -2.67026e+00 -2.99776e+00
0 -2.67026e+00 -2.99874e+00
0 -2.67026e+00 -2.99953e+00
0 -2.67026e+00 -2.99839e+00
0 -2.67026e+00 -2.99937e+00
0 -2.67026e+00 -2.99985e+00
0 -2.67026e+00 -3.00067e+00
0 -2.67026e+00 -3.00087e+00
0 -2.67026e+00 -2.99997e+00
0 -2.67026e+00 -3.00080e+00
0 -2.67026e+00 -3.00092e+00
0 -2.67026e+00 -3.00192e+00
0 -2.67026e+00 -3.00218e+00
0 -2.67026e+00 -3.00126e+00
0 -2.67026e+00 -3.00224e+00
0 -2.67026e+00 -3.00322e+00
0 -2.67026e+00 -3.00414e+00
0 -2.67026e+00 -3.00511e+00
0 -2.67026e+00 -3.00276e+00
0 -2.67026e+00 -3.00172e+00
0 -2.67026e+00 -3.00259e+00
0 -2.67026e+00 -3.00050e+00
0 -2.67026e+00 -3.00121e+00
0 -2.67026e+00 -3.00198e+00
0 -2.67026e+00 -3.00200e+00
0 -2.67026e+00 -3.00212e+00
0 -2.67026e+00 -3.00310e+00
0 -2.67026e+00 -3.00375e+00
0 -2.67026e+00 -3.00274e+00
0 -2.67026e+00 -3.00357e+00
0 -2.67026e+00 -3.00300e+00
0 -2.67026e+00 -3.00396e+00
0 -2.67026e+00 -3.00492e+00
0 -2.67026e+00 -3.00270e+00
0 -2.67026e+00 -3.00330e+00
0 -2.67026e+00 -3.00114e+00
0 -2.67026e+00 -3.00201e+00
0 -2.67026e+00 -3.00291e+00
0 -2.67026e+00 -3.00219e+00
0 -2.67026e+00 -3.00272e+00
0 -2.67026e+00 -3.00347e+00
0 -2.67026e+00 -3.00441e+00
0 -2.67026e+00 -3.00534e+00
0 -2.67026e+00 -3.00603e+00
0 -2.67026e+00 -3.00688e+00
0 -2.67026e+00 -3.00729e+00
0 -2.67026e+00 -3.00673e+00
0 -2.67026e+00 -3.00650e+00
0 -2.67026e+00 -3.00709e+00
0 -2.67026e+00 -3.00509e+00
0 -2.67026e+00 -3.00514e+00
0 -2.67026e+00 -3.00576e+00
0 -2.67026e+00 -3.00463e+00
0 -2.67026e+00 -3.00553e+00
0 -2.67026e+00 -3.00423e+00
0 -2.67026e+00 -3.00269e+00
0 -2.67026e+00 -3.00096e+00
0 -2.67026e+00 -3.00119e+00
0 -2.67026e+00 -2.99972e+00
0 -2.67026e+00 -2.99718e+00
