0 -2.91091e+00 -3.76201e+00
0 -2.91091e+00 -4.24071e+00
0 -2.91091e+00 -4.10989e+00
0 -2.91091e+00 -4.44385e+00
0 -2.91091e+00 -4.56454e+00
0 -2.91091e+00 -4.48503e+00
0 -2.91091e+00 -4.65447e+00
0 -2.91091e+00 -4.69089e+00
0 -2.91091e+00 -4.68175e+00
0 -2.91091e+00 -4.76629e+00
0 -2.91091e+00 -4.30831e+00
0 -2.91091e+00 -4.40669e+00
0 -2.91091e+00 -4.49170e+00
0 -2.91091e+00 -4.44853e+00
0 -2.91091e+00 -4.52689e+00
0 -2.91091e+00 -4.59648e+00
0 -2.91091e+00 -4.58449e+00
0 -2.91091e+00 -4.61323e+00
0 -2.91091e+00 -4.62988e+00
0 -2.91091e+00 -4.68284e+00
0 -2.91091e+00 -4.73092e+00
0 -2.91091e+00 -4.77707e+00
0 -2.91091e+00 -4.75131e+00
0 -2.91091e+00 -4.75319e+00
0 -2.91091e+00 -4.57832e+00
0 -2.91091e+00 -4.59456e+00
0 -2.91091e+00 -4.62682e+00
0 -2.91091e+00 -4.63918e+00
0 -2.91091e+00 -4.50764e+00
0 -2.91091e+00 -4.50755e+00
0 -2.91091e+00 -4.54372e+00
0 -2.91091e+00 -4.37289e+00
0 -2.91091e+00 -4.39645e+00
0 -2.91091e+00 -4.29931e+00
0 -2.91091e+00 -4.27968e+00
0 -2.91091e+00 -4.30616e+00
0 -2.91091e+00 -4.31420e+00
0 -2.91091e+00 -4.34143e+00
0 -2.91091e+00 -4.33983e+00
0 -2.91091e+00 -4.34614e+00
0 -2.91091e+00 -4.37068e+00
0 -2.91091e+00 -4.39292e+00
0 -2.91091e+00 -4.41882e+00
0 -2.91091e+00 -4.42416e+00
0 -2.91091e+00 -4.44110e+00
0 -2.91091e+00 -4.42002e+00
0 -2.91091e+00 -4.42824e+00
0 -2.91091e+00 -4.43052e+00
0 -2.91091e+00 -4.45430e+00
0 -2.91091e+00 -4.46258e+00
0 -2.91091e+00 -4.47547e+00
0 -2.91091e+00 -4.45686e+00
0 -2.91091e+00 -4.47888e+00
0 -2.91091e+00 -4.50012e+00
0 -2.91091e+00 -4.48869e+00
0 -2.91091e+00 -4.50956e+00
0 -2.91091e+00 -4.52867e+00
0 -2.91091e+00 -4.52261e+00
0 -2.91091e+00 -4.53831e+00
0 -2.91091e+00 -4.54716e+00
0 -2.91091e+00 -4.56534e+00
0 -2.91091e+00 -4.50334e+00
0 -2.91091e+00 -4.51349e+00
0 -2.91091e+00 -4.52894e+00
0 -2.91091e+00 -4.52670e+00
0 -2.91091e+00 -4.47626e+00
0 -2.91091e+00 -4.41114e+00
0 -2.91091e+00 -4.41757e+00
0 -2.91091e+00 -4.36039e+00
0 -2.91091e+00 -4.37222e+00
0 -2.91091e+00 -4.38029e+00
0 -2.91091e+00 -4.39350e+00
0 -2.91091e+00 -4.38787e+00
0 -2.91091e+00 -4.40390e+00
0 -2.91091e+00 -4.36263e+00
0 -2.91091e+00 -4.37707e+00
0 -2.91091e+00 -4.38907e+00
0 -2.91091e+00 -4.39481e+00
0 -2.91091e+00 -4.40847e+00
0 -2.91091e+00 -4.42308e+00
0 -2.91091e+00 -4.41344e+00
0 -2.91091e+00 -4.42752e+00
0 -2.91091e+00 -4.44010e+00
0 -2.91091e+00 -4.44162e+00
0 -2.91091e+00 -4.45438e+00
0 -2.91091e+00 -4.46788e+00
0 -2.91091e+00 -4.48123e+00
0 -2.91091e+00 -4.49435e+00
0 -2.91091e+00 -4.50593e+00
0 -2.91091e+00 -4.51861e+00
0 -2.91091e+00 -4.52763e+00
0 -2.91091e+00 -4.53246e+00
0 -2.91091e+00 -4.48790e+00
0 -2.91091e+00 -4.45632e+00
0 -2.91091e+00 -4.45433e+00
0 -2.91091e+00 -4.46652e+00
0 -2.91091e+00 -4.47600e+00
0 -2.91091e+00 -4.47938e+00
0 -2.91091e+00 -4.49118e+00
0 -2.91091e+00 -4.49728e+00
0 -2.91091e+00 -4.45826e+00
0 -2.91091e+00 -4.46681e+00
0 -2.91091e+00 -4.46599e+00
0 -2.91091e+00 -4.47395e+00
0 -2.91091e+00 -4.48282e+00
0 -2.91091e+00 -4.49332e+00
0 -2.91091e+00 -4.50281e+00
0 -2.91091e+00 -4.50546e+00
0 -2.91091e+00 -4.51344e+00
0 -2.91091e+00 -4.52188e+00
0 -2.91091e+00 -4.53220e+00
0 -2.91091e+00 -4.54109e+00
0 -2.91091e+00 -4.53604e+00
0 -2.91091e+00 -4.52970e+00
0 -2.91091e+00 -4.49002e+00
0 -2.91091e+00 -4.45586e+00
0 -2.91091e+00 -4.46582e+00
0 -2.91091e+00 -4.46814e+00
0 -2.91091e+00 -4.44221e+00
0 -2.91091e+00 -4.42093e+00
0 -2.91091e+00 -4.42496e+00
0 -2.91091e+00 -4.43406e+00
0 -2.91091e+00 -4.43107e+00
0 -2.91091e+00 -4.41708e+00
0 -2.91091e+00 -4.41904e+00
0 -2.91091e+00 -4.41603e+00
0 -2.91091e+00 -4.42099e+00
0 -2.91091e+00 -4.42708e+00
0 -2.91091e+00 -4.43555e+00
0 -2.91091e+00 -4.44421e+00
0 -2.91091e+00 -4.45094e+00
0 -2.91091e+00 -4.43800e+00
0 -2.91091e+00 -4.44115e+00
0 -2.91091e+00 -4.44960e+00
0 -2.91091e+00 -4.45611e+00
0 -2.91091e+00 -4.46003e+00
0 -2.91091e+00 -4.46832e+00
0 -2.91091e+00 -4.47324e+00
0 -2.91091e+00 -4.48136e+00
0 -2.91091e+00 -4.48655e+00
0 -2.91091e+00 -4.49338e+00
0 -2.91091e+00 -4.50161e+00
0 -2.91091e+00 -4.50965e+00
0 -2.91091e+00 -4.51739e+00
0 -2.91091e+00 -4.50539e+00
0 -2.91091e+00 -4.51214e+00
0 -2.91091e+00 -4.51403e+00
0 -2.91091e+00 -4.51885e+00
0 -2.91091e+00 -4.52105e+00
0 -2.91091e+00 -4.52799e+00
0 -2.91091e+00 -4.53042e+00
0 -2.91091e+00 -4.53643e+00
0 -2.91091e+00 -4.53901e+00
0 -2.91091e+00 -4.54525e+00
0 -2.91091e+00 -4.55245e+00
0 -2.91091e+00 -4.55728e+00
0 -2.91091e+00 -4.56438e+00
0 -2.91091e+00 -4.56066e+00
0 -2.91091e+00 -4.56670e+00
0 -2.91091e+00 -4.57345e+00
0 -2.91091e+00 -4.57603e+00
0 -2.91091e+00 -4.56418e+00
0 -2.91091e+00 -4.56676e+00
0 -2.91091e+00 -4.56941e+00
0 -2.91091e+00 -4.57347e+00
0 -2.91091e+00 -4.57720e+00
0 -2.91091e+00 -4.58367e+00
0 -2.91091e+00 -4.59004e+00
0 -2.91091e+00 -4.59141e+00
0 -2.91091e+00 -4.59482e+00
0 -2.91091e+00 -4.59794e+00
0 -2.91091e+00 -4.60438e+00
0 -2.91091e+00 -4.61042e+00
0 -2.91091e+00 -4.61661e+00
0 -2.91091e+00 -4.62292e+00
0 -2.91091e+00 -4.62901e+00
0 -2.91091e+00 -4.60301e+00
0 -2.91091e+00 -4.60629e+00
0 -2.91091e+00 -4.60981e+00
0 -2.91091e+00 -4.61401e+00
0 -2.91091e+00 -4.61649e+00
0 -2.91091e+00 -4.59952e+00
0 -2.91091e+00 -4.60280e+00
0 -2.91091e+00 -4.57720e+00
0 -2.91091e+00 -4.57867e+00
0 -2.91091e+00 -4.58429e+00
0 -2.91091e+00 -4.58800e+00
0 -2.91091e+00 -4.58632e+00
0 -2.91091e+00 -4.57678e+00
0 -2.91091e+00 -4.58219e+00
0 -2.91091e+00 -4.58144e+00
0 -2.91091e+00 -4.58439e+00
0 -2.91091e+00 -4.58596e+00
0 -2.91091e+00 -4.57757e+00
0 -2.91091e+00 -4.58289e+00
0 -2.91091e+00 -4.58565e+00
0 -2.91091e+00 -4.59123e+00
0 -2.91091e+00 -4.58928e+00
0 -2.91091e+00 -4.59401e+00
0 -2.91091e+00 -4.59372e+00
0 -2.91091e+00 -4.59524e+00
0 -2.91091e+00 -4.60002e+00
0 -2.91091e+00 -4.60533e+00
0 -2.91091e+00 -4.58304e+00
0 -2.91091e+00 -4.58515e+00
0 -2.91091e+00 -4.59041e+00
0 -2.91091e+00 -4.59404e+00
0 -2.91091e+00 -4.59847e+00
0 -2.91091e+00 -4.59066e+00
0 -2.91091e+00 -4.58871e+00
0 -2.91091e+00 -4.59373e+00
0 -2.91091e+00 -4.59712e+00
0 -2.91091e+00 -4.57539e+00
0 -2.91091e+00 -4.56985e+00
0 -2.91091e+00 -4.57338e+00
0 -2.91091e+00 -4.57536e+00
0 -2.91091e+00 -4.58040e+00
0 -2.91091e+00 -4.58232e+00
0 -2.91091e+00 -4.58381e+00
0 -2.91091e+00 -4.57788e+00
0 -2.91091e+00 -4.56700e+00
0 -2.91091e+00 -4.56871e+00
0 -2.91091e+00 -4.57278e+00
0 -2.91091e+00 -4.57606e+00
0 -2.91091e+00 -4.57619e+00
0 -2.91091e+00 -4.57972e+00
0 -2.91091e+00 -4.58356e+00
0 -2.91091e+00 -4.58722e+00
0 -2.91091e+00 -4.58741e+00
0 -2.91091e+00 -4.58999e+00
0 -2.91091e+00 -4.59290e+00
0 -2.91091e+00 -4.59736e+00
0 -2.91091e+00 -4.60200e+00
0 -2.91091e+00 -4.60431e+00
0 -2.91091e+00 -4.58297e+00
0 -2.91091e+00 -4.58153e+00
0 -2.91091e+00 -4.58423e+00
0 -2.91091e+00 -4.58880e+00
0 -2.91091e+00 -4.59053e+00
0 -2.91091e+00 -4.59452e+00
0 -2.91091e+00 -4.59644e+00
0 -2.91091e+00 -4.60012e+00
0 -2.91091e+00 -4.58387e+00
0 -2.91091e+00 -4.56385e+00
0 -2.91091e+00 -4.55760e+00
0 -2.91091e+00 -4.56187e+00
0 -2.91091e+00 -4.56619e+00
0 -2.91091e+00 -4.56865e+00
0 -2.91091e+00 -4.57297e+00
0 -2.91091e+00 -4.56262e+00
0 -2.91091e+00 -4.56403e+00
0 -2.91091e+00 -4.56684e+00
0 -2.91091e+00 -4.56982e+00
0 -2.91091e+00 -4.57337e+00
0 -2.91091e+00 -4.57393e+00
0 -2.91091e+00 -4.57589e+00
0 -2.91091e+00 -4.57769e+00
0 -2.91091e+00 -4.57917e+00
0 -2.91091e+00 -4.58250e+00
0 -2.91091e+00 -4.58645e+00
0 -2.91091e+00 -4.59061e+00
0 -2.91091e+00 -4.59237e+00
0 -2.91091e+00 -4.57007e+00
0 -2.91091e+00 -4.56448e+00
0 -2.91091e+00 -4.56605e+00
0 -2.91091e+00 -4.56762e+00
0 -2.91091e+00 -4.56967e+00
0 -2.91091e+00 -4.56845e+00
0 -2.91091e+00 -4.56266e+00
0 -2.91091e+00 -4.56409e+00
0 -2.91091e+00 -4.56813e+00
0 -2.91091e+00 -4.56057e+00
0 -2.91091e+00 -4.56284e+00
0 -2.91091e+00 -4.56649e+00
0 -2.91091e+00 -4.56899e+00
0 -2.91091e+00 -4.57255e+00
0 -2.91091e+00 -4.56913e+00
0 -2.91091e+00 -4.56709e+00
0 -2.91091e+00 -4.54969e+00
0 -2.91091e+00 -4.55362e+00
0 -2.91091e+00 -4.55752e+00
0 -2.91091e+00 -4.55946e+00
0 -2.91091e+00 -4.56307e+00
0 -2.91091e+00 -4.56683e+00
0 -2.91091e+00 -4.57029e+00
0 -2.91091e+00 -4.56534e+00
0 -2.91091e+00 -4.56663e+00
0 -2.91091e+00 -4.57009e+00
0 -2.91091e+00 -4.57318e+00
0 -2.91091e+00 -4.57540e+00
0 -2.91091e+00 -4.57570e+00
0 -2.91091e+00 -4.57857e+00
0 -2.91091e+00 -4.58108e+00
0 -2.91091e+00 -4.58465e+00
0 -2.91091e+00 -4.58625e+00
0 -2.91091e+00 -4.58952e+00
0 -2.91091e+00 -4.58998e+00
0 -2.91091e+00 -4.58615e+00
0 -2.91091e+00 -4.58856e+00
0 -2.91091e+00 -4.59041e+00
0 -2.91091e+00 -4.59270e+00
0 -2.91091e+00 -4.59607e+00
0 -2.91091e+00 -4.59887e+00
0 -2.91091e+00 -4.60243e+00
0 -2.91091e+00 -4.60523e+00
0 -2.91091e+00 -4.60857e+00
0 -2.91091e+00 -4.60987e+00
0 -2.91091e+00 -4.60697e+00
0 -2.91091e+00 -4.61043e+00
0 -2.91091e+00 -4.61260e+00
0 -2.91091e+00 -4.61385e+00
0 -2.91091e+00 -4.61478e+00
0 -2.91091e+00 -4.61340e+00
0 -2.91091e+00 -4.61683e+00
0 -2.91091e+00 -4.61788e+00
0 -2.91091e+00 -4.62085e+00
0 -2.91091e+00 -4.62410e+00
0 -2.91091e+00 -4.62532e+00
0 -2.91091e+00 -4.62787e+00
0 -2.91091e+00 -4.63089e+00
0 -2.91091e+00 -4.63379e+00
0 -2.91091e+00 -4.63448e+00
0 -2.91091e+00 -4.63590e+00
0 -2.91091e+00 -4.62991e+00
0 -2.91091e+00 -4.63256e+00
0 -2.91091e+00 -4.63350e+00
0 -2.91091e+00 -4.63660e+00
0 -2.91091e+00 -4.63766e+00
0 -2.91091e+00 -4.63889e+00
0 -2.91091e+00 -4.64004e+00
0 -2.91091e+00 -4.64147e+00
0 -2.91091e+00 -4.64359e+00
0 -2.91091e+00 -4.62902e+00
0 -2.91091e+00 -4.62150e+00
0 -2.91091e+00 -4.61613e+00
0 -2.91091e+00 -4.61923e+00
0 -2.91091e+00 -4.62238e+00
0 -2.91091e+00 -4.60616e+00
0 -2.91091e+00 -4.60830e+00
0 -2.91091e+00 -4.60844e+00
0 -2.91091e+00 -4.60510e+00
0 -2.91091e+00 -4.60360e+00
0 -2.91091e+00 -4.60619e+00
0 -2.91091e+00 -4.60932e+00
0 -2.91091e+00 -4.61026e+00
0 -2.91091e+00 -4.61336e+00
0 -2.91091e+00 -4.61505e+00
0 -2.91091e+00 -4.61765e+00
0 -2.91091e+00 -4.61975e+00
0 -2.91091e+00 -4.62067e+00
0 -2.91091e+00 -4.60974e+00
0 -2.91091e+00 -4.61241e+00
0 -2.91091e+00 -4.61456e+00
0 -2.91091e+00 -4.61743e+00
0 -2.91091e+00 -4.61820e+00
0 -2.91091e+00 -4.61297e+00
0 -2.91091e+00 -4.61591e+00
0 -2.91091e+00 -4.61254e+00
0 -2.91091e+00 -4.61479e+00
0 -2.91091e+00 -4.61610e+00
0 -2.91091e+00 -4.61361e+00
0 -2.91091e+00 -4.61593e+00
0 -2.91091e+00 -4.61825e+00
0 -2.91091e+00 -4.61272e+00
0 -2.91091e+00 -4.61536e+00
0 -2.91091e+00 -4.61634e+00
0 -2.91091e+00 -4.61895e+00
0 -2.91091e+00 -4.62082e+00
0 -2.91091e+00 -4.62218e+00
0 -2.91091e+00 -4.62484e+00
0 -2.91091e+00 -4.62647e+00
0 -2.91091e+00 -4.62847e+00
0 -2.91091e+00 -4.63060e+00
0 -2.91091e+00 -4.63304e+00
0 -2.91091e+00 -4.63198e+00
0 -2.91091e+00 -4.61687e+00
0 -2.91091e+00 -4.61765e+00
0 -2.91091e+00 -4.61863e+00
0 -2.91091e+00 -4.61978e+00
0 -2.91091e+00 -4.62230e+00
0 -2.91091e+00 -4.62342e+00
0 -2.91091e+00 -4.62576e+00
0 -2.91091e+00 -4.62838e+00
0 -2.91091e+00 -4.62983e+00
0 -2.91091e+00 -4.63090e+00
0 -2.91091e+00 -4.61962e+00
0 -2.91091e+00 -4.62052e+00
0 -2.91091e+00 -4.62253e+00
0 -2.91091e+00 -4.62517e+00
0 -2.91091e+00 -4.62763e+00
0 -2.91091e+00 -4.62303e+00
0 -2.91091e+00 -4.62536e+00
0 -2.91091e+00 -4.61878e+00
0 -2.91091e+00 -4.62143e+00
0 -2.91091e+00 -4.62355e+00
0 -2.91091e+00 -4.62493e+00
0 -2.91091e+00 -4.61486e+00
0 -2.91091e+00 -4.61624e+00
0 -2.91091e+00 -4.61831e+00
0 -2.91091e+00 -4.62018e+00
0 -2.91091e+00 -4.60911e+00
0 -2.91091e+00 -4.61047e+00
0 -2.91091e+00 -4.60525e+00
0 -2.91091e+00 -4.60590e+00
0 -2.91091e+00 -4.60793e+00
0 -2.91091e+00 -4.61000e+00
0 -2.91091e+00 -4.61202e+00
0 -2.91091e+00 -4.61406e+00
0 -2.91091e+00 -4.61505e+00
0 -2.91091e+00 -4.61591e+00
0 -2.91091e+00 -4.60280e+00
0 -2.91091e+00 -4.60316e+00
0 -2.91091e+00 -4.60083e+00
0 -2.91091e+00 -4.60332e+00
0 -2.91091e+00 -4.60093e+00
0 -2.91091e+00 -4.60284e+00
0 -2.91091e+00 -4.60451e+00
0 -2.91091e+00 -4.60572e+00
0 -2.91091e+00 -4.60287e+00
0 -2.91091e+00 -4.60527e+00
0 -2.91091e+00 -4.60774e+00
0 -2.91091e+00 -4.60907e+00
0 -2.91091e+00 -4.61159e+00
0 -2.91091e+00 -4.60865e+00
0 -2.91091e+00 -4.61107e+00
0 -2.91091e+00 -4.61330e+00
0 -2.91091e+00 -4.61322e+00
0 -2.91091e+00 -4.61404e+00
0 -2.91091e+00 -4.61538e+00
0 -2.91091e+00 -4.61618e+00
0 -2.91091e+00 -4.61170e+00
0 -2.91091e+00 -4.60529e+00
0 -2.91091e+00 -4.60726e+00
0 -2.91091e+00 -4.60869e+00
0 -2.91091e+00 -4.60968e+00
0 -2.91091e+00 -4.61061e+00
0 -2.91091e+00 -4.61274e+00
0 -2.91091e+00 -4.61518e+00
0 -2.91091e+00 -4.60585e+00
0 -2.91091e+00 -4.60608e+00
0 -2.91091e+00 -4.60625e+00
0 -2.91091e+00 -4.60846e+00
0 -2.91091e+00 -4.60698e+00
0 -2.91091e+00 -4.60926e+00
0 -2.91091e+00 -4.61127e+00
0 -2.91091e+00 -4.61206e+00
0 -2.91091e+00 -4.60646e+00
0 -2.91091e+00 -4.60877e+00
0 -2.91091e+00 -4.61110e+00
0 -2.91091e+00 -4.61327e+00
0 -2.91091e+00 -4.61509e+00
0 -2.91091e+00 -4.61746e+00
0 -2.91091e+00 -4.61830e+00
0 -2.91091e+00 -4.62042e+00
0 -2.91091e+00 -4.62197e+00
0 -2.91091e+00 -4.62352e+00
0 -2.91091e+00 -4.62508e+00
0 -2.91091e+00 -4.62714e+00
0 -2.91091e+00 -4.62710e+00
0 -2.91091e+00 -4.62380e+00
0 -2.91091e+00 -4.62600e+00
0 -2.91091e+00 -4.62830e+00
0 -2.91091e+00 -4.63041e+00
0 -2.91091e+00 -4.63165e+00
0 -2.91091e+00 -4.63285e+00
0 -2.91091e+00 -4.63366e+00
0 -2.91091e+00 -4.63579e+00
0 -2.91091e+00 -4.63644e+00
0 -2.91091e+00 -4.63469e+00
0 -2.91091e+00 -4.63592e+00
0 -2.91091e+00 -4.63789e+00
0 -2.91091e+00 -4.63216e+00
0 -2.91091e+00 -4.62121e+00
0 -2.91091e+00 -4.60876e+00
0 -2.91091e+00 -4.60784e+00
0 -2.91091e+00 -4.59967e+00
0 -2.91091e+00 -4.60177e+00
0 -2.91091e+00 -4.60250e+00
0 -2.91091e+00 -4.59721e+00
0 -2.91091e+00 -4.59797e+00
0 -2.91091e+00 -4.59857e+00
0 -2.91091e+00 -4.59939e+00
0 -2.91091e+00 -4.60071e+00
0 -2.91091e+00 -4.60240e+00
0 -2.91091e+00 -4.60314e+00
0 -2.91091e+00 -4.60462e+00
0 -2.91091e+00 -4.60658e+00
0 -2.91091e+00 -4.60822e+00
0 -2.91091e+00 -4.61012e+00
0 -2.91091e+00 -4.60797e+00
0 -2.91091e+00 -4.60871e+00
0 -2.91091e+00 -4.60975e+00
0 -2.91091e+00 -4.61191e+00
0 -2.91091e+00 -4.60472e+00
0 -2.91091e+00 -4.60612e+00
0 -2.91091e+00 -4.59457e+00
0 -2.91091e+00 -4.59529e+00
0 -2.91091e+00 -4.59694e+00
0 -2.91091e+00 -4.58570e+00
0 -2.91091e+00 -4.58455e+00
0 -2.91091e+00 -4.58667e+00
0 -2.91091e+00 -4.58873e+00
0 -2.91091e+00 -4.58410e+00
0 -2.91091e+00 -4.58480e+00
0 -2.91091e+00 -4.58645e+00
0 -2.91091e+00 -4.58587e+00
0 -2.91091e+00 -4.58764e+00
0 -2.91091e+00 -4.58972e+00
0 -2.91091e+00 -4.59155e+00
0 -2.91091e+00 -4.59247e+00
0 -2.91091e+00 -4.59217e+00
0 -2.91091e+00 -4.58795e+00
0 -2.91091e+00 -4.59003e+00
0 -2.91091e+00 -4.58780e+00
0 -2.91091e+00 -4.57987e+00
0 -2.91091e+00 -4.58095e+00
0 -2.91091e+00 -4.58303e+00
0 -2.91091e+00 -4.58459e+00
0 -2.91091e+00 -4.58649e+00
0 -2.91091e+00 -4.57833e+00
0 -2.91091e+00 -4.57916e+00
0 -2.91091e+00 -4.58117e+00
0 -2.91091e+00 -4.58233e+00
0 -2.91091e+00 -4.58427e+00
0 -2.91091e+00 -4.58622e+00
0 -2.91091e+00 -4.58440e+00
0 -2.91091e+00 -4.58495e+00
0 -2.91091e+00 -4.57579e+00
0 -2.91091e+00 -4.57757e+00
0 -2.91091e+00 -4.57945e+00
0 -2.91091e+00 -4.58126e+00
0 -2.91091e+00 -4.58283e+00
0 -2.91091e+00 -4.58413e+00
0 -2.91091e+00 -4.58535e+00
0 -2.91091e+00 -4.58110e+00
0 -2.91091e+00 -4.57804e+00
0 -2.91091e+00 -4.57914e+00
0 -2.91091e+00 -4.58104e+00
0 -2.91091e+00 -4.58302e+00
0 -2.91091e+00 -4.58399e+00
0 -2.91091e+00 -4.57739e+00
0 -2.91091e+00 -4.57689e+00
0 -2.91091e+00 -4.57883e+00
0 -2.91091e+00 -4.58078e+00
0 -2.91091e+00 -4.57983e+00
0 -2.91091e+00 -4.58177e+00
0 -2.91091e+00 -4.57579e+00
0 -2.91091e+00 -4.57647e+00
0 -2.91091e+00 -4.57842e+00
0 -2.91091e+00 -4.56810e+00
0 -2.91091e+00 -4.56969e+00
0 -2.91091e+00 -4.57140e+00
0 -2.91091e+00 -4.57228e+00
0 -2.91091e+00 -4.57406e+00
0 -2.91091e+00 -4.57601e+00
0 -2.91091e+00 -4.57675e+00
0 -2.91091e+00 -4.57859e+00
0 -2.91091e+00 -4.57962e+00
0 -2.91091e+00 -4.58153e+00
0 -2.91091e+00 -4.58281e+00
0 -2.91091e+00 -4.58384e+00
0 -2.91091e+00 -4.58453e+00
0 -2.91091e+00 -4.58643e+00
0 -2.91091e+00 -4.58770e+00
0 -2.91091e+00 -4.58844e+00
0 -2.91091e+00 -4.57971e+00
0 -2.91091e+00 -4.57366e+00
0 -2.91091e+00 -4.56593e+00
0 -2.91091e+00 -4.56662e+00
0 -2.91091e+00 -4.56853e+00
0 -2.91091e+00 -4.57031e+00
0 -2.91091e+00 -4.57147e+00
0 -2.91091e+00 -4.57230e+00
0 -2.91091e+00 -4.56765e+00
0 -2.91091e+00 -4.56538e+00
0 -2.91091e+00 -4.56661e+00
0 -2.91091e+00 -4.56816e+00
0 -2.91091e+00 -4.56868e+00
0 -2.91091e+00 -4.57032e+00
0 -2.91091e+00 -4.57186e+00
0 -2.91091e+00 -4.57267e+00
0 -2.91091e+00 -4.56458e+00
0 -2.91091e+00 -4.56556e+00
0 -2.91091e+00 -4.56255e+00
0 -2.91091e+00 -4.56434e+00
0 -2.91091e+00 -4.56210e+00
0 -2.91091e+00 -4.56167e+00
0 -2.91091e+00 -4.56191e+00
0 -2.91091e+00 -4.56282e+00
0 -2.91091e+00 -4.56307e+00
0 -2.91091e+00 -4.56369e+00
0 -2.91091e+00 -4.56183e+00
0 -2.91091e+00 -4.56303e+00
0 -2.91091e+00 -4.56465e+00
0 -2.91091e+00 -4.56620e+00
0 -2.91091e+00 -4.56688e+00
0 -2.91091e+00 -4.56727e+00
0 -2.91091e+00 -4.56519e+00
0 -2.91091e+00 -4.55619e+00
0 -2.91091e+00 -4.55756e+00
0 -2.91091e+00 -4.55937e+00
0 -2.91091e+00 -4.56095e+00
0 -2.91091e+00 -4.55834e+00
0 -2.91091e+00 -4.55970e+00
0 -2.91091e+00 -4.56059e+00
0 -2.91091e+00 -4.56137e+00
0 -2.91091e+00 -4.56124e+00
0 -2.91091e+00 -4.56115e+00
0 -2.91091e+00 -4.56257e+00
0 -2.91091e+00 -4.55725e+00
0 -2.91091e+00 -4.55890e+00
0 -2.91091e+00 -4.56041e+00
0 -2.91091e+00 -4.56114e+00
0 -2.91091e+00 -4.56292e+00
0 -2.91091e+00 -4.56449e+00
0 -2.91091e+00 -4.56608e+00
0 -2.91091e+00 -4.56783e+00
0 -2.91091e+00 -4.56959e+00
0 -2.91091e+00 -4.57089e+00
0 -2.91091e+00 -4.57259e+00
0 -2.91091e+00 -4.57434e+00
0 -2.91091e+00 -4.57597e+00
0 -2.91091e+00 -4.57742e+00
0 -2.91091e+00 -4.57802e+00
0 -2.91091e+00 -4.57971e+00
0 -2.91091e+00 -4.58136e+00
0 -2.91091e+00 -4.58307e+00
0 -2.91091e+00 -4.58289e+00
0 -2.91091e+00 -4.58450e+00
0 -2.91091e+00 -4.58528e+00
0 -2.91091e+00 -4.58236e+00
0 -2.91091e+00 -4.58325e+00
0 -2.91091e+00 -4.58420e+00
0 -2.91091e+00 -4.58569e+00
0 -2.91091e+00 -4.58701e+00
0 -2.91091e+00 -4.58676e+00
0 -2.91091e+00 -4.58817e+00
0 -2.91091e+00 -4.58962e+00
0 -2.91091e+00 -4.59072e+00
0 -2.91091e+00 -4.59199e+00
0 -2.91091e+00 -4.59261e+00
0 -2.91091e+00 -4.59330e+00
0 -2.91091e+00 -4.59407e+00
0 -2.91091e+00 -4.59310e+00
0 -2.91091e+00 -4.59476e+00
0 -2.91091e+00 -4.59642e+00
0 -2.91091e+00 -4.59779e+00
0 -2.91091e+00 -4.59931e+00
0 -2.91091e+00 -4.60032e+00
0 -2.91091e+00 -4.60177e+00
0 -2.91091e+00 -4.60340e+00
0 -2.91091e+00 -4.60457e+00
0 -2.91091e+00 -4.60568e+00
0 -2.91091e+00 -4.60662e+00
0 -2.91091e+00 -4.60824e+00
0 -2.91091e+00 -4.60551e+00
0 -2.91091e+00 -4.60712e+00
0 -2.91091e+00 -4.60435e+00
0 -2.91091e+00 -4.60260e+00
0 -2.91091e+00 -4.60005e+00
0 -2.91091e+00 -4.60064e+00
0 -2.91091e+00 -4.59534e+00
0 -2.91091e+00 -4.59658e+00
0 -2.91091e+00 -4.59798e+00
0 -2.91091e+00 -4.59464e+00
0 -2.91091e+00 -4.59590e+00
0 -2.91091e+00 -4.59661e+00
0 -2.91091e+00 -4.59079e+00
0 -2.91091e+00 -4.59220e+00
0 -2.91091e+00 -4.59294e+00
0 -2.91091e+00 -4.59454e+00
0 -2.91091e+00 -4.59060e+00
0 -2.91091e+00 -4.59023e+00
0 -2.91091e+00 -4.59184e+00
0 -2.91091e+00 -4.59337e+00
0 -2.91091e+00 -4.59077e+00
0 -2.91091e+00 -4.59233e+00
0 -2.91091e+00 -4.59021e+00
0 -2.91091e+00 -4.59166e+00
0 -2.91091e+00 -4.59314e+00
0 -2.91091e+00 -4.59451e+00
0 -2.91091e+00 -4.59541e+00
0 -2.91091e+00 -4.58959e+00
0 -2.91091e+00 -4.59095e+00
0 -2.91091e+00 -4.58917e+00
0 -2.91091e+00 -4.59073e+00
0 -2.91091e+00 -4.59035e+00
0 -2.91091e+00 -4.59174e+00
0 -2.91091e+00 -4.58416e+00
0 -2.91091e+00 -4.58492e+00
0 -2.91091e+00 -4.58628e+00
0 -2.91091e+00 -4.58783e+00
0 -2.91091e+00 -4.58747e+00
0 -2.91091e+00 -4.58521e+00
0 -2.91091e+00 -4.58643e+00
0 -2.91091e+00 -4.58742e+00
0 -2.91091e+00 -4.58643e+00
0 -2.91091e+00 -4.58331e+00
0 -2.91091e+00 -4.58139e+00
0 -2.91091e+00 -4.58270e+00
0 -2.91091e+00 -4.58326e+00
0 -2.91091e+00 -4.58427e+00
0 -2.91091e+00 -4.58517e+00
0 -2.91091e+00 -4.58599e+00
0 -2.91091e+00 -4.58740e+00
0 -2.91091e+00 -4.58784e+00
0 -2.91091e+00 -4.58928e+00
0 -2.91091e+00 -4.58360e+00
0 -2.91091e+00 -4.58375e+00
0 -2.91091e+00 -4.58137e+00
0 -2.91091e+00 -4.58196e+00
0 -2.91091e+00 -4.58338e+00
0 -2.91091e+00 -4.58487e+00
0 -2.91091e+00 -4.58629e+00
0 -2.91091e+00 -4.57878e+00
0 -2.91091e+00 -4.58030e+00
0 -2.91091e+00 -4.58054e+00
0 -2.91091e+00 -4.58199e+00
0 -2.91091e+00 -4.58247e+00
0 -2.91091e+00 -4.58394e+00
0 -2.91091e+00 -4.58502e+00
0 -2.91091e+00 -4.57861e+00
0 -2.91091e+00 -4.57882e+00
0 -2.91091e+00 -4.57981e+00
0 -2.91091e+00 -4.58109e+00
0 -2.91091e+00 -4.58164e+00
0 -2.91091e+00 -4.58226e+00
0 -2.91091e+00 -4.58361e+00
0 -2.91091e+00 -4.58313e+00
0 -2.91091e+00 -4.58440e+00
0 -2.91091e+00 -4.58578e+00
0 -2.91091e+00 -4.58667e+00
0 -2.91091e+00 -4.57999e+00
0 -2.91091e+00 -4.57974e+00
0 -2.91091e+00 -4.58121e+00
0 -2.91091e+00 -4.58265e+00
0 -2.91091e+00 -4.58408e+00
0 -2.91091e+00 -4.58314e+00
0 -2.91091e+00 -4.57659e+00
0 -2.91091e+00 -4.57713e+00
0 -2.91091e+00 -4.57840e+00
0 -2.91091e+00 -4.57945e+00
0 -2.91091e+00 -4.58092e+00
0 -2.91091e+00 -4.58223e+00
0 -2.91091e+00 -4.57473e+00
0 -2.91091e+00 -4.57486e+00
0 -2.91091e+00 -4.57621e+00
0 -2.91091e+00 -4.57767e+00
0 -2.91091e+00 -4.57829e+00
0 -2.91091e+00 -4.57125e+00
0 -2.91091e+00 -4.57245e+00
0 -2.91091e+00 -4.57390e+00
0 -2.91091e+00 -4.56807e+00
0 -2.91091e+00 -4.56697e+00
0 -2.91091e+00 -4.56828e+00
0 -2.91091e+00 -4.56942e+00
0 -2.91091e+00 -4.57011e+00
0 -2.91091e+00 -4.56939e+00
0 -2.91091e+00 -4.57084e+00
0 -2.91091e+00 -4.57141e+00
0 -2.91091e+00 -4.57191e+00
0 -2.91091e+00 -4.57332e+00
0 -2.91091e+00 -4.57472e+00
0 -2.91091e+00 -4.57615e+00
0 -2.91091e+00 -4.57681e+00
0 -2.91091e+00 -4.57822e+00
0 -2.91091e+00 -4.57872e+00
0 -2.91091e+00 -4.57979e+00
0 -2.91091e+00 -4.58113e+00
0 -2.91091e+00 -4.58228e+00
0 -2.91091e+00 -4.58365e+00
0 -2.91091e+00 -4.58406e+00
0 -2.91091e+00 -4.58466e+00
0 -2.91091e+00 -4.58584e+00
0 -2.91091e+00 -4.58703e+00
0 -2.91091e+00 -4.58786e+00
0 -2.91091e+00 -4.58837e+00
0 -2.91091e+00 -4.58976e+00
0 -2.91091e+00 -4.58322e+00
0 -2.91091e+00 -4.58408e+00
0 -2.91091e+00 -4.58484e+00
0 -2.91091e+00 -4.58455e+00
0 -2.91091e+00 -4.57994e+00
0 -2.91091e+00 -4.58133e+00
0 -2.91091e+00 -4.58217e+00
0 -2.91091e+00 -4.58352e+00
0 -2.91091e+00 -4.58403e+00
0 -2.91091e+00 -4.58531e+00
0 -2.91091e+00 -4.58617e+00
0 -2.91091e+00 -4.58465e+00
0 -2.91091e+00 -4.58510e+00
0 -2.91091e+00 -4.58458e+00
0 -2.91091e+00 -4.58578e+00
0 -2.91091e+00 -4.58529e+00
0 -2.91091e+00 -4.58662e+00
0 -2.91091e+00 -4.58230e+00
0 -2.91091e+00 -4.57738e+00
0 -2.91091e+00 -4.57090e+00
0 -2.91091e+00 -4.57214e+00
0 -2.91091e+00 -4.57348e+00
0 -2.91091e+00 -4.57098e+00
0 -2.91091e+00 -4.57142e+00
0 -2.91091e+00 -4.57245e+00
0 -2.91091e+00 -4.57367e+00
0 -2.91091e+00 -4.57467e+00
0 -2.91091e+00 -4.57510e+00
0 -2.91091e+00 -4.57646e+00
0 -2.91091e+00 -4.57565e+00
0 -2.91091e+00 -4.57647e+00
0 -2.91091e+00 -4.57380e+00
0 -2.91091e+00 -4.57119e+00
0 -2.91091e+00 -4.57191e+00
0 -2.91091e+00 -4.57239e+00
0 -2.91091e+00 -4.57338e+00
0 -2.91091e+00 -4.57414e+00
0 -2.91091e+00 -4.57409e+00
0 -2.91091e+00 -4.57509e+00
0 -2.91091e+00 -4.57638e+00
0 -2.91091e+00 -4.57608e+00
0 -2.91091e+00 -4.57715e+00
0 -2.91091e+00 -4.57682e+00
0 -2.91091e+00 -4.57725e+00
0 -2.91091e+00 -4.57858e+00
0 -2.91091e+00 -4.57976e+00
0 -2.91091e+00 -4.58097e+00
0 -2.91091e+00 -4.58186e+00
0 -2.91091e+00 -4.58296e+00
0 -2.91091e+00 -4.58341e+00
0 -2.91091e+00 -4.58302e+00
0 -2.91091e+00 -4.58432e+00
0 -2.91091e+00 -4.58558e+00
0 -2.91091e+00 -4.58672e+00
0 -2.91091e+00 -4.58746e+00
0 -2.91091e+00 -4.58836e+00
0 -2.91091e+00 -4.58818e+00
0 -2.91091e+00 -4.58401e+00
0 -2.91091e+00 -4.58521e+00
0 -2.91091e+00 -4.58636e+00
0 -2.91091e+00 -4.58758e+00
0 -2.91091e+00 -4.58845e+00
0 -2.91091e+00 -4.58927e+00
0 -2.91091e+00 -4.59000e+00
0 -2.91091e+00 -4.59126e+00
0 -2.91091e+00 -4.59237e+00
0 -2.91091e+00 -4.59279e+00
0 -2.91091e+00 -4.58892e+00
0 -2.91091e+00 -4.58930e+00
0 -2.91091e+00 -4.58969e+00
0 -2.91091e+00 -4.59057e+00
0 -2.91091e+00 -4.59184e+00
0 -2.91091e+00 -4.58645e+00
0 -2.91091e+00 -4.58504e+00
0 -2.91091e+00 -4.58596e+00
0 -2.91091e+00 -4.58263e+00
0 -2.91091e+00 -4.58322e+00
0 -2.91091e+00 -4.58099e+00
0 -2.91091e+00 -4.58204e+00
0 -2.91091e+00 -4.58324e+00
0 -2.91091e+00 -4.58451e+00
0 -2.91091e+00 -4.58491e+00
0 -2.91091e+00 -4.58549e+00
0 -2.91091e+00 -4.58595e+00
0 -2.91091e+00 -4.58653e+00
0 -2.91091e+00 -4.58758e+00
0 -2.91091e+00 -4.58829e+00
0 -2.91091e+00 -4.58881e+00
0 -2.91091e+00 -4.58972e+00
0 -2.91091e+00 -4.59096e+00
0 -2.91091e+00 -4.59136e+00
0 -2.91091e+00 -4.59233e+00
0 -2.91091e+00 -4.59287e+00
0 -2.91091e+00 -4.59086e+00
0 -2.91091e+00 -4.59200e+00
0 -2.91091e+00 -4.59322e+00
0 -2.91091e+00 -4.59443e+00
0 -2.91091e+00 -4.59491e+00
0 -2.91091e+00 -4.59129e+00
0 -2.91091e+00 -4.59241e+00
0 -2.91091e+00 -4.58886e+00
0 -2.91091e+00 -4.58574e+00
0 -2.91091e+00 -4.58651e+00
0 -2.91091e+00 -4.58702e+00
0 -2.91091e+00 -4.58747e+00
0 -2.91091e+00 -4.58856e+00
0 -2.91091e+00 -4.58901e+00
0 -2.91091e+00 -4.58867e+00
0 -2.91091e+00 -4.58869e+00
0 -2.91091e+00 -4.58906e+00
0 -2.91091e+00 -4.59011e+00
0 -2.91091e+00 -4.59067e+00
0 -2.91091e+00 -4.59183e+00
0 -2.91091e+00 -4.59288e+00
0 -2.91091e+00 -4.59393e+00
0 -2.91091e+00 -4.59444e+00
0 -2.91091e+00 -4.59168e+00
0 -2.91091e+00 -4.59137e+00
0 -2.91091e+00 -4.59257e+00
0 -2.91091e+00 -4.58855e+00
0 -2.91091e+00 -4.58968e+00
0 -2.91091e+00 -4.58485e+00
0 -2.91091e+00 -4.58574e+00
0 -2.91091e+00 -4.58645e+00
0 -2.91091e+00 -4.58749e+00
0 -2.91091e+00 -4.58864e+00
0 -2.91091e+00 -4.58982e+00
0 -2.91091e+00 -4.58923e+00
0 -2.91091e+00 -4.59037e+00
0 -2.91091e+00 -4.59108e+00
0 -2.91091e+00 -4.59196e+00
0 -2.91091e+00 -4.58658e+00
0 -2.91091e+00 -4.58761e+00
0 -2.91091e+00 -4.58816e+00
0 -2.91091e+00 -4.58914e+00
0 -2.91091e+00 -4.59027e+00
0 -2.91091e+00 -4.59143e+00
0 -2.91091e+00 -4.59237e+00
0 -2.91091e+00 -4.59351e+00
0 -2.91091e+00 -4.59411e+00
0 -2.91091e+00 -4.59480e+00
0 -2.91091e+00 -4.59598e+00
0 -2.91091e+00 -4.59585e+00
0 -2.91091e+00 -4.59584e+00
0 -2.91091e+00 -4.59696e+00
0 -2.91091e+00 -4.59785e+00
0 -2.91091e+00 -4.59819e+00
0 -2.91091e+00 -4.59880e+00
0 -2.91091e+00 -4.59938e+00
0 -2.91091e+00 -4.59441e+00
0 -2.91091e+00 -4.59482e+00
0 -2.91091e+00 -4.59537e+00
0 -2.91091e+00 -4.59634e+00
0 -2.91091e+00 -4.59694e+00
0 -2.91091e+00 -4.59454e+00
0 -2.91091e+00 -4.59045e+00
0 -2.91091e+00 -4.59138e+00
0 -2.91091e+00 -4.59028e+00
0 -2.91091e+00 -4.59071e+00
0 -2.91091e+00 -4.59113e+00
0 -2.91091e+00 -4.58923e+00
0 -2.91091e+00 -4.58786e+00
0 -2.91091e+00 -4.58898e+00
0 -2.91091e+00 -4.59007e+00
0 -2.91091e+00 -4.59115e+00
0 -2.91091e+00 -4.59056e+00
0 -2.91091e+00 -4.59102e+00
0 -2.91091e+00 -4.59131e+00
0 -2.91091e+00 -4.59044e+00
0 -2.91091e+00 -4.59141e+00
0 -2.91091e+00 -4.59240e+00
0 -2.91091e+00 -4.58856e+00
0 -2.91091e+00 -4.58905e+00
0 -2.91091e+00 -4.58955e+00
0 -2.91091e+00 -4.59062e+00
0 -2.91091e+00 -4.59129e+00
0 -2.91091e+00 -4.59126e+00
0 -2.91091e+00 -4.59234e+00
0 -2.91091e+00 -4.59268e+00
0 -2.91091e+00 -4.59340e+00
0 -2.91091e+00 -4.59403e+00
0 -2.91091e+00 -4.59320e+00
0 -2.91091e+00 -4.59227e+00
0 -2.91091e+00 -4.59266e+00
0 -2.91091e+00 -4.59352e+00
0 -2.91091e+00 -4.59424e+00
0 -2.91091e+00 -4.59467e+00
0 -2.91091e+00 -4.58964e+00
0 -2.91091e+00 -4.59047e+00
0 -2.91091e+00 -4.59155e+00
0 -2.91091e+00 -4.59231e+00
0 -2.91091e+00 -4.59296e+00
0 -2.91091e+00 -4.59399e+00
0 -2.91091e+00 -4.59505e+00
0 -2.91091e+00 -4.59572e+00
0 -2.91091e+00 -4.59676e+00
0 -2.91091e+00 -4.59585e+00
0 -2.91091e+00 -4.59695e+00
0 -2.91091e+00 -4.59772e+00
0 -2.91091e+00 -4.59881e+00
0 -2.91091e+00 -4.59535e+00
0 -2.91091e+00 -4.59464e+00
0 -2.91091e+00 -4.59573e+00
0 -2.91091e+00 -4.59682e+00
0 -2.91091e+00 -4.59529e+00
0 -2.91091e+00 -4.59513e+00
0 -2.91091e+00 -4.59562e+00
0 -2.91091e+00 -4.58957e+00
0 -2.91091e+00 -4.58961e+00
0 -2.91091e+00 -4.59007e+00
0 -2.91091e+00 -4.58700e+00
0 -2.91091e+00 -4.58809e+00
0 -2.91091e+00 -4.58817e+00
0 -2.91091e+00 -4.58886e+00
0 -2.91091e+00 -4.58867e+00
0 -2.91091e+00 -4.58488e+00
0 -2.91091e+00 -4.58392e+00
0 -2.91091e+00 -4.58120e+00
0 -2.91091e+00 -4.58185e+00
0 -2.91091e+00 -4.58231e+00
0 -2.91091e+00 -4.58329e+00
0 -2.91091e+00 -4.58206e+00
0 -2.91091e+00 -4.58295e+00
0 -2.91091e+00 -4.58363e+00
0 -2.91091e+00 -4.58464e+00
0 -2.91091e+00 -4.58470e+00
0 -2.91091e+00 -4.58574e+00
0 -2.91091e+00 -4.58663e+00
0 -2.91091e+00 -4.58757e+00
0 -2.91091e+00 -4.58845e+00
0 -2.91091e+00 -4.58910e+00
0 -2.91091e+00 -4.59018e+00
0 -2.91091e+00 -4.59058e+00
0 -2.91091e+00 -4.59024e+00
0 -2.91091e+00 -4.59104e+00
0 -2.91091e+00 -4.59179e+00
0 -2.91091e+00 -4.59286e+00
0 -2.91091e+00 -4.58906e+00
0 -2.91091e+00 -4.58876e+00
0 -2.91091e+00 -4.58954e+00
0 -2.91091e+00 -4.59031e+00
0 -2.91091e+00 -4.59135e+00
0 -2.91091e+00 -4.59198e+00
0 -2.91091e+00 -4.58930e+00
0 -2.91091e+00 -4.59028e+00
0 -2.91091e+00 -4.58813e+00
0 -2.91091e+00 -4.58844e+00
0 -2.91091e+00 -4.58946e+00
0 -2.91091e+00 -4.59039e+00
0 -2.91091e+00 -4.59090e+00
0 -2.91091e+00 -4.59119e+00
0 -2.91091e+00 -4.59153e+00
0 -2.91091e+00 -4.58963e+00
0 -2.91091e+00 -4.59062e+00
0 -2.91091e+00 -4.59101e+00
0 -2.91091e+00 -4.59177e+00
0 -2.91091e+00 -4.59246e+00
0 -2.91091e+00 -4.59345e+00
0 -2.91091e+00 -4.59381e+00
0 -2.91091e+00 -4.59473e+00
0 -2.91091e+00 -4.59539e+00
0 -2.91091e+00 -4.59570e+00
0 -2.91091e+00 -4.59045e+00
0 -2.91091e+00 -4.59149e+00
0 -2.91091e+00 -4.59218e+00
0 -2.91091e+00 -4.59251e+00
0 -2.91091e+00 -4.59141e+00
0 -2.91091e+00 -4.59191e+00
0 -2.91091e+00 -4.59211e+00
0 -2.91091e+00 -4.59248e+00
0 -2.91091e+00 -4.59334e+00
0 -2.91091e+00 -4.59398e+00
0 -2.91091e+00 -4.59440e+00
0 -2.91091e+00 -4.59543e+00
0 -2.91091e+00 -4.59553e+00
0 -2.91091e+00 -4.59582e+00
0 -2.91091e+00 -4.59622e+00
0 -2.91091e+00 -4.59723e+00
0 -2.91091e+00 -4.59756e+00
0 -2.91091e+00 -4.59821e+00
0 -2.91091e+00 -4.59526e+00
0 -2.91091e+00 -4.59311e+00
0 -2.91091e+00 -4.59345e+00
0 -2.91091e+00 -4.59436e+00
0 -2.91091e+00 -4.59469e+00
0 -2.91091e+00 -4.59570e+00
0 -2.91091e+00 -4.59664e+00
0 -2.91091e+00 -4.59611e+00
0 -2.91091e+00 -4.59700e+00
0 -2.91091e+00 -4.59757e+00
0 -2.91091e+00 -4.59848e+00
0 -2.91091e+00 -4.59692e+00
0 -2.91091e+00 -4.59791e+00
0 -2.91091e+00 -4.59595e+00
0 -2.91091e+00 -4.59643e+00
0 -2.91091e+00 -4.59737e+00
0 -2.91091e+00 -4.59794e+00
0 -2.91091e+00 -4.59767e+00
0 -2.91091e+00 -4.59298e+00
0 -2.91091e+00 -4.59376e+00
0 -2.91091e+00 -4.58937e+00
0 -2.91091e+00 -4.58557e+00
0 -2.91091e+00 -4.58627e+00
0 -2.91091e+00 -4.58715e+00
0 -2.91091e+00 -4.58748e+00
0 -2.91091e+00 -4.58845e+00
0 -2.91091e+00 -4.58944e+00
0 -2.91091e+00 -4.58920e+00
0 -2.91091e+00 -4.59019e+00
0 -2.91091e+00 -4.59107e+00
0 -2.91091e+00 -4.59192e+00
0 -2.91091e+00 -4.59243e+00
0 -2.91091e+00 -4.59341e+00
0 -2.91091e+00 -4.59389e+00
0 -2.91091e+00 -4.59461e+00
0 -2.91091e+00 -4.59544e+00
0 -2.91091e+00 -4.59609e+00
0 -2.91091e+00 -4.59295e+00
0 -2.91091e+00 -4.59389e+00
0 -2.91091e+00 -4.58918e+00
0 -2.91091e+00 -4.58963e+00
0 -2.91091e+00 -4.58481e+00
0 -2.91091e+00 -4.58522e+00
0 -2.91091e+00 -4.58519e+00
0 -2.91091e+00 -4.58617e+00
0 -2.91091e+00 -4.58634e+00
0 -2.91091e+00 -4.58712e+00
0 -2.91091e+00 -4.58545e+00
0 -2.91091e+00 -4.58302e+00
0 -2.91091e+00 -4.58339e+00
0 -2.91091e+00 -4.58134e+00
0 -2.91091e+00 -4.58208e+00
0 -2.91091e+00 -4.58269e+00
0 -2.91091e+00 -4.58353e+00
0 -2.91091e+00 -4.58451e+00
0 -2.91091e+00 -4.58541e+00
0 -2.91091e+00 -4.58600e+00
0 -2.91091e+00 -4.58650e+00
0 -2.91091e+00 -4.58733e+00
0 -2.91091e+00 -4.58813e+00
0 -2.91091e+00 -4.58906e+00
0 -2.91091e+00 -4.58768e+00
0 -2.91091e+00 -4.58799e+00
0 -2.91091e+00 -4.58886e+00
0 -2.91091e+00 -4.58980e+00
0 -2.91091e+00 -4.59035e+00
0 -2.91091e+00 -4.59059e+00
0 -2.91091e+00 -4.59155e+00
0 -2.91091e+00 -4.59213e+00
0 -2.91091e+00 -4.59249e+00
0 -2.91091e+00 -4.58739e+00
0 -2.91091e+00 -4.58807e+00
0 -2.91091e+00 -4.58813e+00
0 -2.91091e+00 -4.58908e+00
0 -2.91091e+00 -4.58968e+00
0 -2.91091e+00 -4.59014e+00
0 -2.91091e+00 -4.59021e+00
0 -2.91091e+00 -4.58951e+00
0 -2.91091e+00 -4.59009e+00
0 -2.91091e+00 -4.59103e+00
0 -2.91091e+00 -4.59070e+00
0 -2.91091e+00 -4.59165e+00
0 -2.91091e+00 -4.59203e+00
0 -2.91091e+00 -4.59081e+00
0 -2.91091e+00 -4.59156e+00
0 -2.91091e+00 -4.59220e+00
0 -2.91091e+00 -4.59168e+00
0 -2.91091e+00 -4.59199e+00
0 -2.91091e+00 -4.59157e+00
0 -2.91091e+00 -4.59230e+00
0 -2.91091e+00 -4.59270e+00
0 -2.91091e+00 -4.59315e+00
0 -2.91091e+00 -4.59299e+00
0 -2.91091e+00 -4.59048e+00
0 -2.91091e+00 -4.59080e+00
0 -2.91091e+00 -4.59095e+00
0 -2.91091e+00 -4.59153e+00
0 -2.91091e+00 -4.59063e+00
0 -2.91091e+00 -4.59096e+00
0 -2.91091e+00 -4.58815e+00
0 -2.91091e+00 -4.58883e+00
0 -2.91091e+00 -4.58963e+00
0 -2.91091e+00 -4.58964e+00
0 -2.91091e+00 -4.59008e+00
0 -2.91091e+00 -4.59090e+00
0 -2.91091e+00 -4.59180e+00
0 -2.91091e+00 -4.59217e+00
0 -2.91091e+00 -4.59253e+00
0 -2.91091e+00 -4.59237e+00
0 -2.91091e+00 -4.59290e+00
0 -2.91091e+00 -4.59326e+00
0 -2.91091e+00 -4.59404e+00
0 -2.91091e+00 -4.59419e+00
0 -2.91091e+00 -4.59431e+00
0 -2.91091e+00 -4.59521e+00
0 -2.91091e+00 -4.59039e+00
0 -2.91091e+00 -4.59122e+00
0 -2.91091e+00 -4.59176e+00
0 -2.91091e+00 -4.59212e+00
0 -2.91091e+00 -4.59273e+00
0 -2.91091e+00 -4.59265e+00
0 -2.91091e+00 -4.59344e+00
0 -2.91091e+00 -4.59432e+00
0 -2.91091e+00 -4.59329e+00
0 -2.91091e+00 -4.59374e+00
0 -2.91091e+00 -4.59399e+00
0 -2.91091e+00 -4.58963e+00
0 -2.91091e+00 -4.59035e+00
0 -2.91091e+00 -4.58693e+00
0 -2.91091e+00 -4.58784e+00
0 -2.91091e+00 -4.58562e+00
0 -2.91091e+00 -4.58595e+00
0 -2.91091e+00 -4.58618e+00
0 -2.91091e+00 -4.58658e+00
0 -2.91091e+00 -4.58741e+00
0 -2.91091e+00 -4.58794e+00
0 -2.91091e+00 -4.58883e+00
0 -2.91091e+00 -4.58970e+00
0 -2.91091e+00 -4.59020e+00
0 -2.91091e+00 -4.59056e+00
0 -2.91091e+00 -4.59095e+00
0 -2.91091e+00 -4.59163e+00
0 -2.91091e+00 -4.58775e+00
0 -2.91091e+00 -4.58865e+00
0 -2.91091e+00 -4.58871e+00
0 -2.91091e+00 -4.58943e+00
0 -2.91091e+00 -4.58507e+00
0 -2.91091e+00 -4.58579e+00
0 -2.91091e+00 -4.58659e+00
0 -2.91091e+00 -4.58730e+00
0 -2.91091e+00 -4.58785e+00
0 -2.91091e+00 -4.58874e+00
0 -2.91091e+00 -4.58529e+00
0 -2.91091e+00 -4.58580e+00
0 -2.91091e+00 -4.58611e+00
0 -2.91091e+00 -4.58671e+00
0 -2.91091e+00 -4.58754e+00
0 -2.91091e+00 -4.58832e+00
0 -2.91091e+00 -4.58921e+00
0 -2.91091e+00 -4.58782e+00
0 -2.91091e+00 -4.58795e+00
0 -2.91091e+00 -4.58884e+00
0 -2.91091e+00 -4.58768e+00
0 -2.91091e+00 -4.58857e+00
0 -2.91091e+00 -4.58941e+00
0 -2.91091e+00 -4.58782e+00
0 -2.91091e+00 -4.58859e+00
0 -2.91091e+00 -4.58771e+00
0 -2.91091e+00 -4.58786e+00
0 -2.91091e+00 -4.58802e+00
0 -2.91091e+00 -4.58838e+00
0 -2.91091e+00 -4.58924e+00
0 -2.91091e+00 -4.59012e+00
0 -2.91091e+00 -4.59100e+00
0 -2.91091e+00 -4.59187e+00
0 -2.91091e+00 -4.59274e+00
0 -2.91091e+00 -4.59081e+00
0 -2.91091e+00 -4.59121e+00
0 -2.91091e+00 -4.59185e+00
0 -2.91091e+00 -4.59267e+00
0 -2.91091e+00 -4.59341e+00
0 -2.91091e+00 -4.59395e+00
0 -2.91091e+00 -4.59424e+00
0 -2.91091e+00 -4.59495e+00
0 -2.91091e+00 -4.59569e+00
0 -2.91091e+00 -4.59388e+00
0 -2.91091e+00 -4.59415e+00
0 -2.91091e+00 -4.59501e+00
0 -2.91091e+00 -4.59582e+00
0 -2.91091e+00 -4.59663e+00
0 -2.91091e+00 -4.59523e+00
0 -2.91091e+00 -4.59546e+00
0 -2.91091e+00 -4.59575e+00
0 -2.91091e+00 -4.59316e+00
0 -2.91091e+00 -4.59382e+00
0 -2.91091e+00 -4.59163e+00
0 -2.91091e+00 -4.59245e+00
0 -2.91091e+00 -4.59325e+00
0 -2.91091e+00 -4.59410e+00
0 -2.91091e+00 -4.59486e+00
0 -2.91091e+00 -4.59539e+00
0 -2.91091e+00 -4.59621e+00
0 -2.91091e+00 -4.59703e+00
0 -2.91091e+00 -4.59524e+00
0 -2.91091e+00 -4.59515e+00
0 -2.91091e+00 -4.59574e+00
0 -2.91091e+00 -4.59655e+00
0 -2.91091e+00 -4.59716e+00
0 -2.91091e+00 -4.59766e+00
0 -2.91091e+00 -4.59796e+00
0 -2.91091e+00 -4.59880e+00
0 -2.91091e+00 -4.59930e+00
0 -2.91091e+00 -4.59999e+00
0 -2.91091e+00 -4.59825e+00
0 -2.91091e+00 -4.59897e+00
0 -2.91091e+00 -4.59974e+00
0 -2.91091e+00 -4.60048e+00
0 -2.91091e+00 -4.59763e+00
0 -2.91091e+00 -4.59817e+00
0 -2.91091e+00 -4.59893e+00
0 -2.91091e+00 -4.59790e+00
0 -2.91091e+00 -4.59827e+00
0 -2.91091e+00 -4.59867e+00
0 -2.91091e+00 -4.59886e+00
0 -2.91091e+00 -4.59929e+00
0 -2.91091e+00 -4.59795e+00
0 -2.91091e+00 -4.59432e+00
0 -2.91091e+00 -4.59487e+00
0 -2.91091e+00 -4.59513e+00
0 -2.91091e+00 -4.59358e+00
0 -2.91091e+00 -4.59438e+00
0 -2.91091e+00 -4.59175e+00
0 -2.91091e+00 -4.59238e+00
0 -2.91091e+00 -4.59321e+00
0 -2.91091e+00 -4.59367e+00
0 -2.91091e+00 -4.59446e+00
0 -2.91091e+00 -4.59507e+00
0 -2.91091e+00 -4.59580e+00
0 -2.91091e+00 -4.59593e+00
0 -2.91091e+00 -4.59628e+00
0 -2.91091e+00 -4.59517e+00
0 -2.91091e+00 -4.59581e+00
0 -2.91091e+00 -4.59606e+00
0 -2.91091e+00 -4.59689e+00
0 -2.91091e+00 -4.59772e+00
0 -2.91091e+00 -4.59845e+00
0 -2.91091e+00 -4.59911e+00
0 -2.91091e+00 -4.59517e+00
0 -2.91091e+00 -4.59129e+00
0 -2.91091e+00 -4.59190e+00
0 -2.91091e+00 -4.59231e+00
0 -2.91091e+00 -4.59295e+00
0 -2.91091e+00 -4.59361e+00
0 -2.91091e+00 -4.59352e+00
0 -2.91091e+00 -4.59387e+00
0 -2.91091e+00 -4.59411e+00
0 -2.91091e+00 -4.59487e+00
0 -2.91091e+00 -4.59562e+00
0 -2.91091e+00 -4.59619e+00
0 -2.91091e+00 -4.59691e+00
0 -2.91091e+00 -4.59728e+00
0 -2.91091e+00 -4.59776e+00
0 -2.91091e+00 -4.59640e+00
0 -2.91091e+00 -4.59721e+00
0 -2.91091e+00 -4.59771e+00
0 -2.91091e+00 -4.59793e+00
0 -2.91091e+00 -4.59816e+00
0 -2.91091e+00 -4.59897e+00
0 -2.91091e+00 -4.59974e+00
0 -2.91091e+00 -4.60007e+00
0 -2.91091e+00 -4.60077e+00
0 -2.91091e+00 -4.60139e+00
0 -2.91091e+00 -4.60072e+00
0 -2.91091e+00 -4.60087e+00
0 -2.91091e+00 -4.60070e+00
0 -2.91091e+00 -4.60103e+00
0 -2.91091e+00 -4.60157e+00
0 -2.91091e+00 -4.60237e+00
0 -2.91091e+00 -4.60264e+00
0 -2.91091e+00 -4.60302e+00
0 -2.91091e+00 -4.60362e+00
0 -2.91091e+00 -4.60427e+00
0 -2.91091e+00 -4.60135e+00
0 -2.91091e+00 -4.59841e+00
0 -2.91091e+00 -4.59901e+00
0 -2.91091e+00 -4.59936e+00
0 -2.91091e+00 -4.60010e+00
0 -2.91091e+00 -4.60087e+00
0 -2.91091e+00 -4.59851e+00
0 -2.91091e+00 -4.59929e+00
0 -2.91091e+00 -4.59872e+00
0 -2.91091e+00 -4.59670e+00
0 -2.91091e+00 -4.59725e+00
0 -2.91091e+00 -4.59804e+00
0 -2.91091e+00 -4.59879e+00
0 -2.91091e+00 -4.59912e+00
0 -2.91091e+00 -4.59515e+00
0 -2.91091e+00 -4.59572e+00
0 -2.91091e+00 -4.59359e+00
0 -2.91091e+00 -4.59350e+00
0 -2.91091e+00 -4.59326e+00
0 -2.91091e+00 -4.59402e+00
0 -2.91091e+00 -4.59429e+00
0 -2.91091e+00 -4.59209e+00
0 -2.91091e+00 -4.59285e+00
0 -2.91091e+00 -4.59363e+00
0 -2.91091e+00 -4.59435e+00
0 -2.91091e+00 -4.59479e+00
0 -2.91091e+00 -4.59143e+00
0 -2.91091e+00 -4.59194e+00
0 -2.91091e+00 -4.59239e+00
0 -2.91091e+00 -4.59201e+00
0 -2.91091e+00 -4.58941e+00
0 -2.91091e+00 -4.59000e+00
0 -2.91091e+00 -4.59079e+00
0 -2.91091e+00 -4.59144e+00
0 -2.91091e+00 -4.58845e+00
0 -2.91091e+00 -4.58909e+00
0 -2.91091e+00 -4.58973e+00
0 -2.91091e+00 -4.59021e+00
0 -2.91091e+00 -4.59010e+00
0 -2.91091e+00 -4.59056e+00
0 -2.91091e+00 -4.59128e+00
0 -2.91091e+00 -4.59207e+00
0 -2.91091e+00 -4.59252e+00
0 -2.91091e+00 -4.59325e+00
0 -2.91091e+00 -4.59265e+00
0 -2.91091e+00 -4.59043e+00
0 -2.91091e+00 -4.59099e+00
0 -2.91091e+00 -4.59123e+00
0 -2.91091e+00 -4.59201e+00
0 -2.91091e+00 -4.59236e+00
0 -2.91091e+00 -4.59283e+00
0 -2.91091e+00 -4.59348e+00
0 -2.91091e+00 -4.59244e+00
0 -2.91091e+00 -4.59315e+00
0 -2.91091e+00 -4.58912e+00
0 -2.91091e+00 -4.58985e+00
0 -2.91091e+00 -4.59014e+00
0 -2.91091e+00 -4.58837e+00
0 -2.91091e+00 -4.58741e+00
0 -2.91091e+00 -4.58807e+00
0 -2.91091e+00 -4.58854e+00
0 -2.91091e+00 -4.58908e+00
0 -2.91091e+00 -4.58983e+00
0 -2.91091e+00 -4.59061e+00
0 -2.91091e+00 -4.59138e+00
0 -2.91091e+00 -4.59192e+00
0 -2.91091e+00 -4.59269e+00
0 -2.91091e+00 -4.59346e+00
0 -2.91091e+00 -4.59354e+00
0 -2.91091e+00 -4.59240e+00
0 -2.91091e+00 -4.59292e+00
0 -2.91091e+00 -4.59367e+00
0 -2.91091e+00 -4.59155e+00
0 -2.91091e+00 -4.59186e+00
0 -2.91091e+00 -4.58821e+00
0 -2.91091e+00 -4.58841e+00
0 -2.91091e+00 -4.58800e+00
0 -2.91091e+00 -4.58687e+00
0 -2.91091e+00 -4.58759e+00
0 -2.91091e+00 -4.58801e+00
0 -2.91091e+00 -4.58798e+00
0 -2.91091e+00 -4.58874e+00
0 -2.91091e+00 -4.58950e+00
0 -2.91091e+00 -4.59020e+00
0 -2.91091e+00 -4.59075e+00
0 -2.91091e+00 -4.59143e+00
0 -2.91091e+00 -4.59214e+00
0 -2.91091e+00 -4.59238e+00
0 -2.91091e+00 -4.59309e+00
0 -2.91091e+00 -4.58985e+00
0 -2.91091e+00 -4.58846e+00
0 -2.91091e+00 -4.58530e+00
0 -2.91091e+00 -4.58503e+00
0 -2.91091e+00 -4.58561e+00
0 -2.91091e+00 -4.58595e+00
0 -2.91091e+00 -4.58668e+00
0 -2.91091e+00 -4.58716e+00
0 -2.91091e+00 -4.58751e+00
0 -2.91091e+00 -4.58528e+00
0 -2.91091e+00 -4.58593e+00
0 -2.91091e+00 -4.58637e+00
0 -2.91091e+00 -4.58705e+00
0 -2.91091e+00 -4.58517e+00
0 -2.91091e+00 -4.58592e+00
0 -2.91091e+00 -4.58642e+00
0 -2.91091e+00 -4.58542e+00
0 -2.91091e+00 -4.58597e+00
0 -2.91091e+00 -4.58666e+00
0 -2.91091e+00 -4.58500e+00
0 -2.91091e+00 -4.58567e+00
0 -2.91091e+00 -4.58396e+00
0 -2.91091e+00 -4.58462e+00
0 -2.91091e+00 -4.58466e+00
0 -2.91091e+00 -4.58168e+00
0 -2.91091e+00 -4.58198e+00
0 -2.91091e+00 -4.58250e+00
0 -2.91091e+00 -4.58275e+00
0 -2.91091e+00 -4.58317e+00
0 -2.91091e+00 -4.58290e+00
0 -2.91091e+00 -4.58365e+00
0 -2.91091e+00 -4.58434e+00
0 -2.91091e+00 -4.58470e+00
0 -2.91091e+00 -4.58535e+00
0 -2.91091e+00 -4.58610e+00
0 -2.91091e+00 -4.58680e+00
0 -2.91091e+00 -4.58739e+00
0 -2.91091e+00 -4.58778e+00
0 -2.91091e+00 -4.58827e+00
0 -2.91091e+00 -4.58898e+00
0 -2.91091e+00 -4.58723e+00
0 -2.91091e+00 -4.58755e+00
0 -2.91091e+00 -4.58783e+00
0 -2.91091e+00 -4.58846e+00
0 -2.91091e+00 -4.58819e+00
0 -2.91091e+00 -4.58848e+00
0 -2.91091e+00 -4.58636e+00
0 -2.91091e+00 -4.58690e+00
0 -2.91091e+00 -4.58726e+00
0 -2.91091e+00 -4.58776e+00
0 -2.91091e+00 -4.58535e+00
0 -2.91091e+00 -4.58562e+00
0 -2.91091e+00 -4.58635e+00
0 -2.91091e+00 -4.58417e+00
0 -2.91091e+00 -4.58390e+00
0 -2.91091e+00 -4.58435e+00
0 -2.91091e+00 -4.58473e+00
0 -2.91091e+00 -4.58515e+00
0 -2.91091e+00 -4.58548e+00
0 -2.91091e+00 -4.58500e+00
0 -2.91091e+00 -4.58528e+00
0 -2.91091e+00 -4.58600e+00
0 -2.91091e+00 -4.58649e+00
0 -2.91091e+00 -4.58696e+00
0 -2.91091e+00 -4.58768e+00
0 -2.91091e+00 -4.58841e+00
0 -2.91091e+00 -4.58873e+00
0 -2.91091e+00 -4.58943e+00
0 -2.91091e+00 -4.58981e+00
0 -2.91091e+00 -4.58829e+00
0 -2.91091e+00 -4.58476e+00
0 -2.91091e+00 -4.58468e+00
0 -2.91091e+00 -4.58377e+00
0 -2.91091e+00 -4.58159e+00
0 -2.91091e+00 -4.58230e+00
0 -2.91091e+00 -4.57910e+00
0 -2.91091e+00 -4.57785e+00
0 -2.91091e+00 -4.57857e+00
0 -2.91091e+00 -4.57592e+00
0 -2.91091e+00 -4.57617e+00
0 -2.91091e+00 -4.57631e+00
0 -2.91091e+00 -4.57422e+00
0 -2.91091e+00 -4.57485e+00
0 -2.91091e+00 -4.57196e+00
0 -2.91091e+00 -4.57235e+00
0 -2.91091e+00 -4.57297e+00
0 -2.91091e+00 -4.57283e+00
0 -2.91091e+00 -4.57332e+00
0 -2.91091e+00 -4.57361e+00
0 -2.91091e+00 -4.57384e+00
0 -2.91091e+00 -4.57419e+00
0 -2.91091e+00 -4.57240e+00
0 -2.91091e+00 -4.57308e+00
0 -2.91091e+00 -4.57038e+00
0 -2.91091e+00 -4.56987e+00
0 -2.91091e+00 -4.56804e+00
0 -2.91091e+00 -4.56650e+00
0 -2.91091e+00 -4.56557e+00
0 -2.91091e+00 -4.56492e+00
0 -2.91091e+00 -4.56530e+00
0 -2.91091e+00 -4.56574e+00
0 -2.91091e+00 -4.56638e+00
0 -2.91091e+00 -4.56452e+00
0 -2.91091e+00 -4.56479e+00
0 -2.91091e+00 -4.56149e+00
0 -2.91091e+00 -4.55881e+00
0 -2.91091e+00 -4.55736e+00
0 -2.91091e+00 -4.55674e+00
0 -2.91091e+00 -4.55720e+00
0 -2.91091e+00 -4.55664e+00
0 -2.91091e+00 -4.55477e+00
0 -2.91091e+00 -4.55547e+00
0 -2.91091e+00 -4.55368e+00
0 -2.91091e+00 -4.55420e+00
0 -2.91091e+00 -4.55481e+00
0 -2.91091e+00 -4.55512e+00
0 -2.91091e+00 -4.55540e+00
0 -2.91091e+00 -4.55577e+00
0 -2.91091e+00 -4.55647e+00
0 -2.91091e+00 -4.55717e+00
0 -2.91091e+00 -4.55681e+00
0 -2.91091e+00 -4.55744e+00
0 -2.91091e+00 -4.55753e+00
0 -2.91091e+00 -4.55680e+00
0 -2.91091e+00 -4.55683e+00
0 -2.91091e+00 -4.55724e+00
0 -2.91091e+00 -4.55785e+00
0 -2.91091e+00 -4.55804e+00
0 -2.91091e+00 -4.55863e+00
0 -2.91091e+00 -4.55902e+00
0 -2.91091e+00 -4.55602e+00
0 -2.91091e+00 -4.55624e+00
0 -2.91091e+00 -4.55677e+00
0 -2.91091e+00 -4.55726e+00
0 -2.91091e+00 -4.55763e+00
0 -2.91091e+00 -4.55824e+00
0 -2.91091e+00 -4.55894e+00
0 -2.91091e+00 -4.55964e+00
0 -2.91091e+00 -4.55929e+00
0 -2.91091e+00 -4.55969e+00
0 -2.91091e+00 -4.56037e+00
0 -2.91091e+00 -4.56075e+00
0 -2.91091e+00 -4.56074e+00
0 -2.91091e+00 -4.55960e+00
0 -2.91091e+00 -4.56012e+00
0 -2.91091e+00 -4.56079e+00
0 -2.91091e+00 -4.56148e+00
0 -2.91091e+00 -4.56193e+00
0 -2.91091e+00 -4.56232e+00
0 -2.91091e+00 -4.56240e+00
0 -2.91091e+00 -4.56272e+00
0 -2.91091e+00 -4.56236e+00
0 -2.91091e+00 -4.56260e+00
0 -2.91091e+00 -4.56288e+00
0 -2.91091e+00 -4.56353e+00
0 -2.91091e+00 -4.56422e+00
0 -2.91091e+00 -4.56460e+00
0 -2.91091e+00 -4.56501e+00
0 -2.91091e+00 -4.56528e+00
0 -2.91091e+00 -4.56550e+00
0 -2.91091e+00 -4.56269e+00
0 -2.91091e+00 -4.56238e+00
0 -2.91091e+00 -4.56280e+00
0 -2.91091e+00 -4.56349e+00
0 -2.91091e+00 -4.56011e+00
0 -2.91091e+00 -4.56074e+00
0 -2.91091e+00 -4.56141e+00
0 -2.91091e+00 -4.56210e+00
0 -2.91091e+00 -4.56277e+00
0 -2.91091e+00 -4.56332e+00
0 -2.91091e+00 -4.56243e+00
0 -2.91091e+00 -4.56294e+00
0 -2.91091e+00 -4.56362e+00
0 -2.91091e+00 -4.56231e+00
0 -2.91091e+00 -4.55898e+00
0 -2.91091e+00 -4.55742e+00
0 -2.91091e+00 -4.55642e+00
0 -2.91091e+00 -4.55522e+00
0 -2.91091e+00 -4.55554e+00
0 -2.91091e+00 -4.55427e+00
0 -2.91091e+00 -4.55491e+00
0 -2.91091e+00 -4.55530e+00
0 -2.91091e+00 -4.55598e+00
0 -2.91091e+00 -4.55608e+00
0 -2.91091e+00 -4.55645e+00
0 -2.91091e+00 -4.55701e+00
0 -2.91091e+00 -4.55764e+00
0 -2.91091e+00 -4.55828e+00
0 -2.91091e+00 -4.55891e+00
0 -2.91091e+00 -4.55949e+00
0 -2.91091e+00 -4.55841e+00
0 -2.91091e+00 -4.55894e+00
0 -2.91091e+00 -4.55790e+00
0 -2.91091e+00 -4.55819e+00
0 -2.91091e+00 -4.55879e+00
0 -2.91091e+00 -4.55842e+00
0 -2.91091e+00 -4.55901e+00
0 -2.91091e+00 -4.55871e+00
0 -2.91091e+00 -4.55911e+00
0 -2.91091e+00 -4.55950e+00
0 -2.91091e+00 -4.56016e+00
0 -2.91091e+00 -4.56076e+00
0 -2.91091e+00 -4.56142e+00
0 -2.91091e+00 -4.56181e+00
0 -2.91091e+00 -4.56092e+00
0 -2.91091e+00 -4.56085e+00
0 -2.91091e+00 -4.56136e+00
0 -2.91091e+00 -4.56102e+00
0 -2.91091e+00 -4.56123e+00
0 -2.91091e+00 -4.56031e+00
0 -2.91091e+00 -4.56080e+00
0 -2.91091e+00 -4.56137e+00
0 -2.91091e+00 -4.56140e+00
0 -2.91091e+00 -4.56179e+00
0 -2.91091e+00 -4.56184e+00
0 -2.91091e+00 -4.56227e+00
0 -2.91091e+00 -4.56223e+00
0 -2.91091e+00 -4.56288e+00
0 -2.91091e+00 -4.56340e+00
0 -2.91091e+00 -4.56406e+00
0 -2.91091e+00 -4.56468e+00
0 -2.91091e+00 -4.56522e+00
0 -2.91091e+00 -4.56584e+00
0 -2.91091e+00 -4.56582e+00
0 -2.91091e+00 -4.56577e+00
0 -2.91091e+00 -4.56460e+00
0 -2.91091e+00 -4.56265e+00
0 -2.91091e+00 -4.56291e+00
0 -2.91091e+00 -4.56295e+00
0 -2.91091e+00 -4.56320e+00
0 -2.91091e+00 -4.56377e+00
0 -2.91091e+00 -4.56402e+00
0 -2.91091e+00 -4.56456e+00
0 -2.91091e+00 -4.56479e+00
0 -2.91091e+00 -4.56500e+00
0 -2.91091e+00 -4.56530e+00
0 -2.91091e+00 -4.56555e+00
0 -2.91091e+00 -4.56617e+00
0 -2.91091e+00 -4.56610e+00
0 -2.91091e+00 -4.56655e+00
0 -2.91091e+00 -4.56716e+00
0 -2.91091e+00 -4.56748e+00
0 -2.91091e+00 -4.56793e+00
0 -2.91091e+00 -4.56741e+00
0 -2.91091e+00 -4.56797e+00
0 -2.91091e+00 -4.56836e+00
0 -2.91091e+00 -4.56897e+00
0 -2.91091e+00 -4.56948e+00
0 -2.91091e+00 -4.57009e+00
0 -2.91091e+00 -4.56783e+00
0 -2.91091e+00 -4.56671e+00
0 -2.91091e+00 -4.56460e+00
0 -2.91091e+00 -4.56525e+00
0 -2.91091e+00 -4.56590e+00
0 -2.91091e+00 -4.56638e+00
0 -2.91091e+00 -4.56702e+00
0 -2.91091e+00 -4.56586e+00
0 -2.91091e+00 -4.56628e+00
0 -2.91091e+00 -4.56648e+00
0 -2.91091e+00 -4.56615e+00
0 -2.91091e+00 -4.56646e+00
0 -2.91091e+00 -4.56676e+00
0 -2.91091e+00 -4.56740e+00
0 -2.91091e+00 -4.56748e+00
0 -2.91091e+00 -4.56812e+00
0 -2.91091e+00 -4.56833e+00
0 -2.91091e+00 -4.56864e+00
0 -2.91091e+00 -4.56713e+00
0 -2.91091e+00 -4.56774e+00
0 -2.91091e+00 -4.56660e+00
0 -2.91091e+00 -4.56682e+00
0 -2.91091e+00 -4.56719e+00
0 -2.91091e+00 -4.56779e+00
0 -2.91091e+00 -4.56704e+00
0 -2.91091e+00 -4.56767e+00
0 -2.91091e+00 -4.56803e+00
0 -2.91091e+00 -4.56838e+00
0 -2.91091e+00 -4.56768e+00
0 -2.91091e+00 -4.56827e+00
0 -2.91091e+00 -4.56754e+00
0 -2.91091e+00 -4.56744e+00
0 -2.91091e+00 -4.56764e+00
0 -2.91091e+00 -4.56804e+00
0 -2.91091e+00 -4.56844e+00
0 -2.91091e+00 -4.56905e+00
0 -2.91091e+00 -4.56885e+00
0 -2.91091e+00 -4.56891e+00
0 -2.91091e+00 -4.56608e+00
0 -2.91091e+00 -4.56630e+00
0 -2.91091e+00 -4.56628e+00
0 -2.91091e+00 -4.56689e+00
0 -2.91091e+00 -4.56733e+00
0 -2.91091e+00 -4.56787e+00
0 -2.91091e+00 -4.56841e+00
0 -2.91091e+00 -4.56888e+00
0 -2.91091e+00 -4.56913e+00
0 -2.91091e+00 -4.56961e+00
0 -2.91091e+00 -4.57020e+00
0 -2.91091e+00 -4.57059e+00
0 -2.91091e+00 -4.56833e+00
0 -2.91091e+00 -4.56592e+00
0 -2.91091e+00 -4.56633e+00
0 -2.91091e+00 -4.56666e+00
0 -2.91091e+00 -4.56691e+00
0 -2.91091e+00 -4.56738e+00
0 -2.91091e+00 -4.56801e+00
0 -2.91091e+00 -4.56850e+00
0 -2.91091e+00 -4.56886e+00
0 -2.91091e+00 -4.56930e+00
0 -2.91091e+00 -4.56965e+00
0 -2.91091e+00 -4.57016e+00
0 -2.91091e+00 -4.57057e+00
0 -2.91091e+00 -4.56991e+00
0 -2.91091e+00 -4.57052e+00
0 -2.91091e+00 -4.57084e+00
0 -2.91091e+00 -4.57122e+00
0 -2.91091e+00 -4.57047e+00
0 -2.91091e+00 -4.57082e+00
0 -2.91091e+00 -4.57092e+00
0 -2.91091e+00 -4.57082e+00
0 -2.91091e+00 -4.57072e+00
0 -2.91091e+00 -4.57083e+00
0 -2.91091e+00 -4.57085e+00
0 -2.91091e+00 -4.57128e+00
0 -2.91091e+00 -4.56981e+00
0 -2.91091e+00 -4.56818e+00
0 -2.91091e+00 -4.56881e+00
0 -2.91091e+00 -4.56731e+00
0 -2.91091e+00 -4.56793e+00
0 -2.91091e+00 -4.56686e+00
0 -2.91091e+00 -4.56606e+00
0 -2.91091e+00 -4.56668e+00
0 -2.91091e+00 -4.56668e+00
0 -2.91091e+00 -4.56714e+00
0 -2.91091e+00 -4.56643e+00
0 -2.91091e+00 -4.56536e+00
0 -2.91091e+00 -4.56598e+00
0 -2.91091e+00 -4.56551e+00
0 -2.91091e+00 -4.56594e+00
0 -2.91091e+00 -4.56643e+00
0 -2.91091e+00 -4.56447e+00
0 -2.91091e+00 -4.56497e+00
0 -2.91091e+00 -4.56559e+00
0 -2.91091e+00 -4.56612e+00
0 -2.91091e+00 -4.56297e+00
0 -2.91091e+00 -4.56358e+00
0 -2.91091e+00 -4.56357e+00
0 -2.91091e+00 -4.56244e+00
0 -2.91091e+00 -4.56285e+00
0 -2.91091e+00 -4.56347e+00
0 -2.91091e+00 -4.56409e+00
0 -2.91091e+00 -4.56465e+00
0 -2.91091e+00 -4.56211e+00
0 -2.91091e+00 -4.56236e+00
0 -2.91091e+00 -4.56082e+00
0 -2.91091e+00 -4.56144e+00
0 -2.91091e+00 -4.56205e+00
0 -2.91091e+00 -4.56265e+00
0 -2.91091e+00 -4.56286e+00
0 -2.91091e+00 -4.56122e+00
0 -2.91091e+00 -4.56164e+00
0 -2.91091e+00 -4.56071e+00
0 -2.91091e+00 -4.56106e+00
0 -2.91091e+00 -4.56146e+00
0 -2.91091e+00 -4.55891e+00
0 -2.91091e+00 -4.55929e+00
0 -2.91091e+00 -4.55913e+00
0 -2.91091e+00 -4.55722e+00
0 -2.91091e+00 -4.55752e+00
0 -2.91091e+00 -4.55806e+00
0 -2.91091e+00 -4.55833e+00
0 -2.91091e+00 -4.55873e+00
0 -2.91091e+00 -4.55893e+00
0 -2.91091e+00 -4.55917e+00
0 -2.91091e+00 -4.55960e+00
0 -2.91091e+00 -4.56009e+00
0 -2.91091e+00 -4.56061e+00
0 -2.91091e+00 -4.55880e+00
0 -2.91091e+00 -4.55913e+00
0 -2.91091e+00 -4.55953e+00
0 -2.91091e+00 -4.56002e+00
0 -2.91091e+00 -4.56022e+00
0 -2.91091e+00 -4.56067e+00
0 -2.91091e+00 -4.56099e+00
0 -2.91091e+00 -4.56124e+00
0 -2.91091e+00 -4.56174e+00
0 -2.91091e+00 -4.56235e+00
0 -2.91091e+00 -4.56167e+00
0 -2.91091e+00 -4.56219e+00
0 -2.91091e+00 -4.56259e+00
0 -2.91091e+00 -4.56318e+00
0 -2.91091e+00 -4.56368e+00
0 -2.91091e+00 -4.56255e+00
0 -2.91091e+00 -4.56307e+00
0 -2.91091e+00 -4.56337e+00
0 -2.91091e+00 -4.56370e+00
0 -2.91091e+00 -4.56404e+00
0 -2.91091e+00 -4.56461e+00
0 -2.91091e+00 -4.56487e+00
0 -2.91091e+00 -4.56272e+00
0 -2.91091e+00 -4.56316e+00
0 -2.91091e+00 -4.56337e+00
0 -2.91091e+00 -4.56297e+00
0 -2.91091e+00 -4.56357e+00
0 -2.91091e+00 -4.56413e+00
0 -2.91091e+00 -4.56472e+00
0 -2.91091e+00 -4.56520e+00
0 -2.91091e+00 -4.56571e+00
0 -2.91091e+00 -4.56631e+00
0 -2.91091e+00 -4.56688e+00
0 -2.91091e+00 -4.56731e+00
0 -2.91091e+00 -4.56750e+00
0 -2.91091e+00 -4.56632e+00
0 -2.91091e+00 -4.56664e+00
0 -2.91091e+00 -4.56719e+00
0 -2.91091e+00 -4.56744e+00
0 -2.91091e+00 -4.56772e+00
0 -2.91091e+00 -4.56702e+00
0 -2.91091e+00 -4.56494e+00
0 -2.91091e+00 -4.56508e+00
0 -2.91091e+00 -4.56534e+00
0 -2.91091e+00 -4.56592e+00
0 -2.91091e+00 -4.56619e+00
0 -2.91091e+00 -4.56677e+00
0 -2.91091e+00 -4.56736e+00
0 -2.91091e+00 -4.56782e+00
0 -2.91091e+00 -4.56841e+00
0 -2.91091e+00 -4.56893e+00
0 -2.91091e+00 -4.56952e+00
0 -2.91091e+00 -4.56994e+00
0 -2.91091e+00 -4.57031e+00
0 -2.91091e+00 -4.57069e+00
0 -2.91091e+00 -4.57128e+00
0 -2.91091e+00 -4.57185e+00
0 -2.91091e+00 -4.56901e+00
0 -2.91091e+00 -4.56952e+00
0 -2.91091e+00 -4.56990e+00
0 -2.91091e+00 -4.56901e+00
0 -2.91091e+00 -4.56955e+00
0 -2.91091e+00 -4.57010e+00
0 -2.91091e+00 -4.57030e+00
0 -2.91091e+00 -4.57053e+00
0 -2.91091e+00 -4.56997e+00
0 -2.91091e+00 -4.56944e+00
0 -2.91091e+00 -4.56973e+00
0 -2.91091e+00 -4.56913e+00
0 -2.91091e+00 -4.56971e+00
0 -2.91091e+00 -4.56841e+00
0 -2.91091e+00 -4.56861e+00
0 -2.91091e+00 -4.56896e+00
0 -2.91091e+00 -4.56721e+00
0 -2.91091e+00 -4.56750e+00
0 -2.91091e+00 -4.56794e+00
0 -2.91091e+00 -4.56539e+00
0 -2.91091e+00 -4.56544e+00
0 -2.91091e+00 -4.56568e+00
0 -2.91091e+00 -4.56616e+00
0 -2.91091e+00 -4.56657e+00
0 -2.91091e+00 -4.56678e+00
0 -2.91091e+00 -4.56716e+00
0 -2.91091e+00 -4.56617e+00
0 -2.91091e+00 -4.56552e+00
0 -2.91091e+00 -4.56576e+00
0 -2.91091e+00 -4.56526e+00
0 -2.91091e+00 -4.56560e+00
0 -2.91091e+00 -4.56613e+00
0 -2.91091e+00 -4.56667e+00
0 -2.91091e+00 -4.56653e+00
0 -2.91091e+00 -4.56699e+00
0 -2.91091e+00 -4.56748e+00
0 -2.91091e+00 -4.56708e+00
0 -2.91091e+00 -4.56763e+00
0 -2.91091e+00 -4.56802e+00
0 -2.91091e+00 -4.56820e+00
0 -2.91091e+00 -4.56871e+00
0 -2.91091e+00 -4.56735e+00
0 -2.91091e+00 -4.56759e+00
0 -2.91091e+00 -4.56779e+00
0 -2.91091e+00 -4.56836e+00
0 -2.91091e+00 -4.56888e+00
0 -2.91091e+00 -4.56894e+00
0 -2.91091e+00 -4.56916e+00
0 -2.91091e+00 -4.56790e+00
0 -2.91091e+00 -4.56725e+00
0 -2.91091e+00 -4.56769e+00
0 -2.91091e+00 -4.56823e+00
0 -2.91091e+00 -4.56867e+00
0 -2.91091e+00 -4.56924e+00
0 -2.91091e+00 -4.56969e+00
0 -2.91091e+00 -4.56969e+00
0 -2.91091e+00 -4.56802e+00
0 -2.91091e+00 -4.56858e+00
0 -2.91091e+00 -4.56566e+00
0 -2.91091e+00 -4.56585e+00
0 -2.91091e+00 -4.56639e+00
0 -2.91091e+00 -4.56560e+00
0 -2.91091e+00 -4.56617e+00
0 -2.91091e+00 -4.56613e+00
0 -2.91091e+00 -4.56658e+00
0 -2.91091e+00 -4.56682e+00
0 -2.91091e+00 -4.56713e+00
0 -2.91091e+00 -4.56743e+00
0 -2.91091e+00 -4.56788e+00
0 -2.91091e+00 -4.56808e+00
0 -2.91091e+00 -4.56848e+00
0 -2.91091e+00 -4.56867e+00
0 -2.91091e+00 -4.56898e+00
0 -2.91091e+00 -4.56815e+00
0 -2.91091e+00 -4.56860e+00
0 -2.91091e+00 -4.56880e+00
0 -2.91091e+00 -4.56935e+00
0 -2.91091e+00 -4.56678e+00
0 -2.91091e+00 -4.56670e+00
0 -2.91091e+00 -4.56708e+00
0 -2.91091e+00 -4.56599e+00
0 -2.91091e+00 -4.56593e+00
0 -2.91091e+00 -4.56469e+00
0 -2.91091e+00 -4.56520e+00
0 -2.91091e+00 -4.56559e+00
0 -2.91091e+00 -4.56580e+00
0 -2.91091e+00 -4.56613e+00
0 -2.91091e+00 -4.56664e+00
0 -2.91091e+00 -4.56706e+00
0 -2.91091e+00 -4.56755e+00
0 -2.91091e+00 -4.56806e+00
0 -2.91091e+00 -4.56862e+00
0 -2.91091e+00 -4.56850e+00
0 -2.91091e+00 -4.56901e+00
0 -2.91091e+00 -4.56652e+00
0 -2.91091e+00 -4.56651e+00
0 -2.91091e+00 -4.56632e+00
0 -2.91091e+00 -4.56382e+00
0 -2.91091e+00 -4.56432e+00
0 -2.91091e+00 -4.56488e+00
0 -2.91091e+00 -4.56536e+00
0 -2.91091e+00 -4.56589e+00
0 -2.91091e+00 -4.56336e+00
0 -2.91091e+00 -4.56392e+00
0 -2.91091e+00 -4.56447e+00
0 -2.91091e+00 -4.56500e+00
0 -2.91091e+00 -4.56518e+00
0 -2.91091e+00 -4.56544e+00
0 -2.91091e+00 -4.56563e+00
0 -2.91091e+00 -4.56551e+00
0 -2.91091e+00 -4.56606e+00
0 -2.91091e+00 -4.56601e+00
0 -2.91091e+00 -4.56653e+00
0 -2.91091e+00 -4.56699e+00
0 -2.91091e+00 -4.56751e+00
0 -2.91091e+00 -4.56806e+00
0 -2.91091e+00 -4.56750e+00
0 -2.91091e+00 -4.56779e+00
0 -2.91091e+00 -4.56834e+00
0 -2.91091e+00 -4.56853e+00
0 -2.91091e+00 -4.56899e+00
0 -2.91091e+00 -4.56954e+00
0 -2.91091e+00 -4.56797e+00
0 -2.91091e+00 -4.56841e+00
0 -2.91091e+00 -4.56693e+00
0 -2.91091e+00 -4.56747e+00
0 -2.91091e+00 -4.56771e+00
0 -2.91091e+00 -4.56684e+00
0 -2.91091e+00 -4.56738e+00
0 -2.91091e+00 -4.56741e+00
0 -2.91091e+00 -4.56754e+00
0 -2.91091e+00 -4.56662e+00
0 -2.91091e+00 -4.56680e+00
0 -2.91091e+00 -4.56720e+00
0 -2.91091e+00 -4.56471e+00
0 -2.91091e+00 -4.56499e+00
0 -2.91091e+00 -4.56527e+00
