0 -4.01622e+00 -3.39477e+00
0 -4.01622e+00 -4.22435e+00
0 -4.01622e+00 -4.98920e+00
0 -4.01622e+00 -5.43935e+00
0 -4.01622e+00 -5.71829e+00
0 -4.01622e+00 -5.80842e+00
0 -4.01622e+00 -5.41471e+00
0 -4.01622e+00 -5.20211e+00
0 -4.01622e+00 -4.79361e+00
0 -4.01622e+00 -4.71098e+00
0 -4.01622e+00 -4.86691e+00
0 -4.01622e+00 -5.02213e+00
0 -4.01622e+00 -4.84185e+00
0 -4.01622e+00 -4.88803e+00
0 -4.01622e+00 -4.92072e+00
0 -4.01622e+00 -5.02669e+00
0 -4.01622e+00 -5.13762e+00
0 -4.01622e+00 -5.24014e+00
0 -4.01622e+00 -5.33720e+00
0 -4.01622e+00 -5.43042e+00
0 -4.01622e+00 -5.46656e+00
0 -4.01622e+00 -5.51256e+00
0 -4.01622e+00 -5.59311e+00
0 -4.01622e+00 -5.38147e+00
0 -4.01622e+00 -5.45593e+00
0 -4.01622e+00 -5.45466e+00
0 -4.01622e+00 -5.51355e+00
0 -4.01622e+00 -5.43104e+00
0 -4.01622e+00 -5.44554e+00
0 -4.01622e+00 -5.50678e+00
0 -4.01622e+00 -5.56557e+00
0 -4.01622e+00 -5.45844e+00
0 -4.01622e+00 -5.50309e+00
0 -4.01622e+00 -5.55736e+00
0 -4.01622e+00 -5.60866e+00
0 -4.01622e+00 -5.65615e+00
0 -4.01622e+00 -5.70521e+00
0 -4.01622e+00 -5.74736e+00
0 -4.01622e+00 -5.79403e+00
0 -4.01622e+00 -5.82957e+00
0 -4.01622e+00 -5.87282e+00
0 -4.01622e+00 -5.91177e+00
0 -4.01622e+00 -5.95384e+00
0 -4.01622e+00 -5.99393e+00
0 -4.01622e+00 -6.03327e+00
0 -4.01622e+00 -6.05151e+00
0 -4.01622e+00 -6.08930e+00
0 -4.01622e+00 -6.12647e+00
0 -4.01622e+00 -6.16305e+00
0 -4.01622e+00 -6.12486e+00
0 -4.01622e+00 -6.15973e+00
0 -4.01622e+00 -6.19051e+00
0 -4.01622e+00 -6.12793e+00
0 -4.01622e+00 -6.15496e+00
0 -4.01622e+00 -6.05773e+00
0 -4.01622e+00 -6.08775e+00
0 -4.01622e+00 -6.11290e+00
0 -4.01622e+00 -6.12729e+00
0 -4.01622e+00 -6.15069e+00
0 -4.01622e+00 -6.18007e+00
0 -4.01622e+00 -6.06606e+00
0 -4.01622e+00 -6.09279e+00
0 -4.01622e+00 -6.12117e+00
0 -4.01622e+00 -6.14840e+00
0 -4.01622e+00 -6.15553e+00
0 -4.01622e+00 -6.02810e+00
0 -4.01622e+00 -6.00695e+00
0 -4.01622e+00 -6.03294e+00
0 -4.01622e+00 -6.05728e+00
0 -4.01622e+00 -6.06124e+00
0 -4.01622e+00 -6.01108e+00
0 -4.01622e+00 -6.03556e+00
0 -4.01622e+00 -6.04661e+00
0 -4.01622e+00 -6.06196e+00
0 -4.01622e+00 -6.06084e+00
0 -4.01622e+00 -6.08381e+00
0 -4.01622e+00 -6.10516e+00
0 -4.01622e+00 -6.12719e+00
0 -4.01622e+00 -6.14647e+00
0 -4.01622e+00 -6.09604e+00
0 -4.01622e+00 -6.11766e+00
0 -4.01622e+00 -6.13867e+00
0 -4.01622e+00 -6.10243e+00
0 -4.01622e+00 -6.11340e+00
0 -4.01622e+00 -6.13106e+00
0 -4.01622e+00 -6.15166e+00
0 -4.01622e+00 -6.11096e+00
0 -4.01622e+00 -6.12545e+00
0 -4.01622e+00 -6.12111e+00
0 -4.01622e+00 -6.14055e+00
0 -4.01622e+00 -6.15764e+00
0 -4.01622e+00 -6.13122e+00
0 -4.01622e+00 -6.15010e+00
0 -4.01622e+00 -6.15672e+00
0 -4.01622e+00 -6.16700e+00
0 -4.01622e+00 -6.13818e+00
0 -4.01622e+00 -6.15602e+00
0 -4.01622e+00 -6.17403e+00
0 -4.01622e+00 -6.09254e+00
0 -4.01622e+00 -6.10143e+00
0 -4.01622e+00 -6.11890e+00
0 -4.01622e+00 -6.09155e+00
0 -4.01622e+00 -6.10073e+00
0 -4.01622e+00 -6.11775e+00
0 -4.01622e+00 -6.09529e+00
0 -4.01622e+00 -6.10455e+00
0 -4.01622e+00 -6.12072e+00
0 -4.01622e+00 -6.13543e+00
0 -4.01622e+00 -6.15075e+00
0 -4.01622e+00 -6.15257e+00
0 -4.01622e+00 -6.15623e+00
0 -4.01622e+00 -6.15863e+00
0 -4.01622e+00 -6.11974e+00
0 -4.01622e+00 -6.07596e+00
0 -4.01622e+00 -6.09091e+00
0 -4.01622e+00 -6.10604e+00
0 -4.01622e+00 -6.11786e+00
0 -4.01622e+00 -6.13268e+00
0 -4.01622e+00 -6.11192e+00
0 -4.01622e+00 -6.03161e+00
0 -4.01622e+00 -6.04636e+00
0 -4.01622e+00 -6.06039e+00
0 -4.01622e+00 -6.07445e+00
0 -4.01622e+00 -6.04168e+00
0 -4.01622e+00 -6.05601e+00
0 -4.01622e+00 -6.00728e+00
0 -4.01622e+00 -6.02129e+00
0 -4.01622e+00 -5.98907e+00
0 -4.01622e+00 -5.99633e+00
0 -4.01622e+00 -6.00819e+00
0 -4.01622e+00 -6.02130e+00
0 -4.01622e+00 -5.98714e+00
0 -4.01622e+00 -5.99875e+00
0 -4.01622e+00 -6.01167e+00
0 -4.01622e+00 -6.02077e+00
0 -4.01622e+00 -6.02145e+00
0 -4.01622e+00 -6.03427e+00
0 -4.01622e+00 -6.04531e+00
0 -4.01622e+00 -5.99611e+00
0 -4.01622e+00 -6.00861e+00
0 -4.01622e+00 -6.02104e+00
0 -4.01622e+00 -5.98446e+00
0 -4.01622e+00 -5.99689e+00
0 -4.01622e+00 -6.00135e+00
0 -4.01622e+00 -5.94311e+00
0 -4.01622e+00 -5.93967e+00
0 -4.01622e+00 -5.93514e+00
0 -4.01622e+00 -5.93619e+00
0 -4.01622e+00 -5.93801e+00
0 -4.01622e+00 -5.89340e+00
0 -4.01622e+00 -5.90515e+00
0 -4.01622e+00 -5.91494e+00
0 -4.01622e+00 -5.92579e+00
0 -4.01622e+00 -5.93238e+00
0 -4.01622e+00 -5.94388e+00
0 -4.01622e+00 -5.95525e+00
0 -4.01622e+00 -5.96672e+00
0 -4.01622e+00 -5.96699e+00
0 -4.01622e+00 -5.97824e+00
0 -4.01622e+00 -5.98927e+00
0 -4.01622e+00 -6.00024e+00
0 -4.01622e+00 -5.95871e+00
0 -4.01622e+00 -5.93008e+00
0 -4.01622e+00 -5.91154e+00
0 -4.01622e+00 -5.92231e+00
0 -4.01622e+00 -5.93304e+00
0 -4.01622e+00 -5.94082e+00
0 -4.01622e+00 -5.89984e+00
0 -4.01622e+00 -5.88382e+00
0 -4.01622e+00 -5.89005e+00
0 -4.01622e+00 -5.89342e+00
0 -4.01622e+00 -5.86880e+00
0 -4.01622e+00 -5.87908e+00
0 -4.01622e+00 -5.88949e+00
0 -4.01622e+00 -5.88220e+00
0 -4.01622e+00 -5.89214e+00
0 -4.01622e+00 -5.90170e+00
0 -4.01622e+00 -5.91166e+00
0 -4.01622e+00 -5.87199e+00
0 -4.01622e+00 -5.84393e+00
0 -4.01622e+00 -5.82729e+00
0 -4.01622e+00 -5.83723e+00
0 -4.01622e+00 -5.84695e+00
0 -4.01622e+00 -5.85665e+00
0 -4.01622e+00 -5.86271e+00
0 -4.01622e+00 -5.85299e+00
0 -4.01622e+00 -5.85631e+00
0 -4.01622e+00 -5.85873e+00
0 -4.01622e+00 -5.84770e+00
0 -4.01622e+00 -5.85711e+00
0 -4.01622e+00 -5.85139e+00
0 -4.01622e+00 -5.84447e+00
0 -4.01622e+00 -5.85378e+00
0 -4.01622e+00 -5.86310e+00
0 -4.01622e+00 -5.87194e+00
0 -4.01622e+00 -5.84915e+00
0 -4.01622e+00 -5.84713e+00
0 -4.01622e+00 -5.84251e+00
0 -4.01622e+00 -5.81593e+00
0 -4.01622e+00 -5.78561e+00
0 -4.01622e+00 -5.79356e+00
0 -4.01622e+00 -5.78225e+00
0 -4.01622e+00 -5.79087e+00
0 -4.01622e+00 -5.78294e+00
0 -4.01622e+00 -5.79049e+00
0 -4.01622e+00 -5.79906e+00
0 -4.01622e+00 -5.80018e+00
0 -4.01622e+00 -5.80809e+00
0 -4.01622e+00 -5.81664e+00
0 -4.01622e+00 -5.82515e+00
0 -4.01622e+00 -5.83376e+00
0 -4.01622e+00 -5.84182e+00
0 -4.01622e+00 -5.84930e+00
0 -4.01622e+00 -5.85670e+00
0 -4.01622e+00 -5.86381e+00
0 -4.01622e+00 -5.82823e+00
0 -4.01622e+00 -5.83329e+00
0 -4.01622e+00 -5.84114e+00
0 -4.01622e+00 -5.84922e+00
0 -4.01622e+00 -5.85679e+00
0 -4.01622e+00 -5.85660e+00
0 -4.01622e+00 -5.84328e+00
0 -4.01622e+00 -5.83683e+00
0 -4.01622e+00 -5.84491e+00
0 -4.01622e+00 -5.84591e+00
0 -4.01622e+00 -5.85379e+00
0 -4.01622e+00 -5.85959e+00
0 -4.01622e+00 -5.86752e+00
0 -4.01622e+00 -5.83383e+00
0 -4.01622e+00 -5.84153e+00
0 -4.01622e+00 -5.83989e+00
0 -4.01622e+00 -5.80926e+00
0 -4.01622e+00 -5.81099e+00
0 -4.01622e+00 -5.80626e+00
0 -4.01622e+00 -5.81401e+00
0 -4.01622e+00 -5.78363e+00
0 -4.01622e+00 -5.79107e+00
0 -4.01622e+00 -5.79785e+00
0 -4.01622e+00 -5.80301e+00
0 -4.01622e+00 -5.81031e+00
0 -4.01622e+00 -5.81765e+00
0 -4.01622e+00 -5.81300e+00
0 -4.01622e+00 -5.81579e+00
0 -4.01622e+00 -5.81545e+00
0 -4.01622e+00 -5.78297e+00
0 -4.01622e+00 -5.77310e+00
0 -4.01622e+00 -5.78008e+00
0 -4.01622e+00 -5.78745e+00
0 -4.01622e+00 -5.79466e+00
0 -4.01622e+00 -5.79419e+00
0 -4.01622e+00 -5.76549e+00
0 -4.01622e+00 -5.75373e+00
0 -4.01622e+00 -5.75399e+00
0 -4.01622e+00 -5.75903e+00
0 -4.01622e+00 -5.76605e+00
0 -4.01622e+00 -5.77118e+00
0 -4.01622e+00 -5.75286e+00
0 -4.01622e+00 -5.75285e+00
0 -4.01622e+00 -5.75961e+00
0 -4.01622e+00 -5.76647e+00
0 -4.01622e+00 -5.77335e+00
0 -4.01622e+00 -5.77984e+00
0 -4.01622e+00 -5.78664e+00
0 -4.01622e+00 -5.79336e+00
0 -4.01622e+00 -5.79834e+00
0 -4.01622e+00 -5.80511e+00
0 -4.01622e+00 -5.80844e+00
0 -4.01622e+00 -5.80411e+00
0 -4.01622e+00 -5.81085e+00
0 -4.01622e+00 -5.81250e+00
0 -4.01622e+00 -5.81831e+00
0 -4.01622e+00 -5.82490e+00
0 -4.01622e+00 -5.83083e+00
0 -4.01622e+00 -5.83460e+00
0 -4.01622e+00 -5.83721e+00
0 -4.01622e+00 -5.84363e+00
0 -4.01622e+00 -5.83277e+00
0 -4.01622e+00 -5.83743e+00
0 -4.01622e+00 -5.83692e+00
0 -4.01622e+00 -5.82016e+00
0 -4.01622e+00 -5.81460e+00
0 -4.01622e+00 -5.81994e+00
0 -4.01622e+00 -5.82630e+00
0 -4.01622e+00 -5.81825e+00
0 -4.01622e+00 -5.80512e+00
0 -4.01622e+00 -5.81135e+00
0 -4.01622e+00 -5.81385e+00
0 -4.01622e+00 -5.81842e+00
0 -4.01622e+00 -5.82451e+00
0 -4.01622e+00 -5.83066e+00
0 -4.01622e+00 -5.81371e+00
0 -4.01622e+00 -5.81985e+00
0 -4.01622e+00 -5.81068e+00
0 -4.01622e+00 -5.80933e+00
0 -4.01622e+00 -5.80990e+00
0 -4.01622e+00 -5.81593e+00
0 -4.01622e+00 -5.82048e+00
0 -4.01622e+00 -5.80065e+00
0 -4.01622e+00 -5.80658e+00
0 -4.01622e+00 -5.81172e+00
0 -4.01622e+00 -5.81601e+00
0 -4.01622e+00 -5.82135e+00
0 -4.01622e+00 -5.82529e+00
0 -4.01622e+00 -5.83096e+00
0 -4.01622e+00 -5.81402e+00
0 -4.01622e+00 -5.81987e+00
0 -4.01622e+00 -5.80332e+00
0 -4.01622e+00 -5.80918e+00
0 -4.01622e+00 -5.81500e+00
0 -4.01622e+00 -5.82071e+00
0 -4.01622e+00 -5.82651e+00
0 -4.01622e+00 -5.80852e+00
0 -4.01622e+00 -5.80538e+00
0 -4.01622e+00 -5.81023e+00
0 -4.01622e+00 -5.81350e+00
0 -4.01622e+00 -5.81703e+00
0 -4.01622e+00 -5.81977e+00
0 -4.01622e+00 -5.82527e+00
0 -4.01622e+00 -5.83087e+00
0 -4.01622e+00 -5.82456e+00
0 -4.01622e+00 -5.82999e+00
0 -4.01622e+00 -5.82052e+00
0 -4.01622e+00 -5.82465e+00
0 -4.01622e+00 -5.81675e+00
0 -4.01622e+00 -5.81882e+00
0 -4.01622e+00 -5.82403e+00
0 -4.01622e+00 -5.82684e+00
0 -4.01622e+00 -5.80570e+00
0 -4.01622e+00 -5.79478e+00
0 -4.01622e+00 -5.79403e+00
0 -4.01622e+00 -5.79536e+00
0 -4.01622e+00 -5.78326e+00
0 -4.01622e+00 -5.78866e+00
0 -4.01622e+00 -5.79403e+00
0 -4.01622e+00 -5.79897e+00
0 -4.01622e+00 -5.80251e+00
0 -4.01622e+00 -5.78565e+00
0 -4.01622e+00 -5.79075e+00
0 -4.01622e+00 -5.79600e+00
0 -4.01622e+00 -5.80114e+00
0 -4.01622e+00 -5.78322e+00
0 -4.01622e+00 -5.76430e+00
0 -4.01622e+00 -5.76963e+00
0 -4.01622e+00 -5.77490e+00
0 -4.01622e+00 -5.77506e+00
0 -4.01622e+00 -5.75370e+00
0 -4.01622e+00 -5.75572e+00
0 -4.01622e+00 -5.73441e+00
0 -4.01622e+00 -5.73938e+00
0 -4.01622e+00 -5.74437e+00
0 -4.01622e+00 -5.72649e+00
0 -4.01622e+00 -5.72951e+00
0 -4.01622e+00 -5.73359e+00
0 -4.01622e+00 -5.73418e+00
0 -4.01622e+00 -5.73505e+00
0 -4.01622e+00 -5.73990e+00
0 -4.01622e+00 -5.74480e+00
0 -4.01622e+00 -5.74990e+00
0 -4.01622e+00 -5.73706e+00
0 -4.01622e+00 -5.73526e+00
0 -4.01622e+00 -5.74029e+00
0 -4.01622e+00 -5.72360e+00
0 -4.01622e+00 -5.72326e+00
0 -4.01622e+00 -5.72225e+00
0 -4.01622e+00 -5.71791e+00
0 -4.01622e+00 -5.70343e+00
0 -4.01622e+00 -5.70835e+00
0 -4.01622e+00 -5.71324e+00
0 -4.01622e+00 -5.71654e+00
0 -4.01622e+00 -5.72139e+00
0 -4.01622e+00 -5.72626e+00
0 -4.01622e+00 -5.73107e+00
0 -4.01622e+00 -5.72993e+00
0 -4.01622e+00 -5.72645e+00
0 -4.01622e+00 -5.72860e+00
0 -4.01622e+00 -5.72875e+00
0 -4.01622e+00 -5.73357e+00
0 -4.01622e+00 -5.73833e+00
0 -4.01622e+00 -5.73771e+00
0 -4.01622e+00 -5.74143e+00
0 -4.01622e+00 -5.74619e+00
0 -4.01622e+00 -5.75090e+00
0 -4.01622e+00 -5.73202e+00
0 -4.01622e+00 -5.73672e+00
0 -4.01622e+00 -5.72608e+00
0 -4.01622e+00 -5.73024e+00
0 -4.01622e+00 -5.73491e+00
0 -4.01622e+00 -5.73954e+00
0 -4.01622e+00 -5.74422e+00
0 -4.01622e+00 -5.74879e+00
0 -4.01622e+00 -5.74441e+00
0 -4.01622e+00 -5.74813e+00
0 -4.01622e+00 -5.73286e+00
0 -4.01622e+00 -5.73744e+00
0 -4.01622e+00 -5.73854e+00
0 -4.01622e+00 -5.72879e+00
0 -4.01622e+00 -5.73338e+00
0 -4.01622e+00 -5.73766e+00
0 -4.01622e+00 -5.74182e+00
0 -4.01622e+00 -5.73434e+00
0 -4.01622e+00 -5.73649e+00
0 -4.01622e+00 -5.73756e+00
0 -4.01622e+00 -5.74134e+00
0 -4.01622e+00 -5.74579e+00
0 -4.01622e+00 -5.75024e+00
0 -4.01622e+00 -5.74912e+00
0 -4.01622e+00 -5.75341e+00
0 -4.01622e+00 -5.75775e+00
0 -4.01622e+00 -5.75977e+00
0 -4.01622e+00 -5.76421e+00
0 -4.01622e+00 -5.76853e+00
0 -4.01622e+00 -5.77223e+00
0 -4.01622e+00 -5.75808e+00
0 -4.01622e+00 -5.75545e+00
0 -4.01622e+00 -5.75970e+00
0 -4.01622e+00 -5.76391e+00
0 -4.01622e+00 -5.76430e+00
0 -4.01622e+00 -5.76551e+00
0 -4.01622e+00 -5.75964e+00
0 -4.01622e+00 -5.76113e+00
0 -4.01622e+00 -5.76384e+00
0 -4.01622e+00 -5.76562e+00
0 -4.01622e+00 -5.76762e+00
0 -4.01622e+00 -5.75956e+00
0 -4.01622e+00 -5.76074e+00
0 -4.01622e+00 -5.76363e+00
0 -4.01622e+00 -5.76637e+00
0 -4.01622e+00 -5.77053e+00
0 -4.01622e+00 -5.77474e+00
0 -4.01622e+00 -5.76201e+00
0 -4.01622e+00 -5.76608e+00
0 -4.01622e+00 -5.77025e+00
0 -4.01622e+00 -5.77442e+00
0 -4.01622e+00 -5.76249e+00
0 -4.01622e+00 -5.75622e+00
0 -4.01622e+00 -5.75523e+00
0 -4.01622e+00 -5.74554e+00
0 -4.01622e+00 -5.73516e+00
0 -4.01622e+00 -5.72162e+00
0 -4.01622e+00 -5.71768e+00
0 -4.01622e+00 -5.71912e+00
0 -4.01622e+00 -5.72255e+00
0 -4.01622e+00 -5.72301e+00
0 -4.01622e+00 -5.72115e+00
0 -4.01622e+00 -5.70743e+00
0 -4.01622e+00 -5.71143e+00
0 -4.01622e+00 -5.71521e+00
0 -4.01622e+00 -5.71597e+00
0 -4.01622e+00 -5.71827e+00
0 -4.01622e+00 -5.71254e+00
0 -4.01622e+00 -5.71583e+00
0 -4.01622e+00 -5.70178e+00
0 -4.01622e+00 -5.69731e+00
0 -4.01622e+00 -5.70030e+00
0 -4.01622e+00 -5.69749e+00
0 -4.01622e+00 -5.68432e+00
0 -4.01622e+00 -5.68809e+00
0 -4.01622e+00 -5.69208e+00
0 -4.01622e+00 -5.67729e+00
0 -4.01622e+00 -5.67859e+00
0 -4.01622e+00 -5.68119e+00
0 -4.01622e+00 -5.66519e+00
0 -4.01622e+00 -5.65361e+00
0 -4.01622e+00 -5.65735e+00
0 -4.01622e+00 -5.65223e+00
0 -4.01622e+00 -5.65606e+00
0 -4.01622e+00 -5.64835e+00
0 -4.01622e+00 -5.65226e+00
0 -4.01622e+00 -5.65337e+00
0 -4.01622e+00 -5.65722e+00
0 -4.01622e+00 -5.66069e+00
0 -4.01622e+00 -5.66436e+00
0 -4.01622e+00 -5.66502e+00
0 -4.01622e+00 -5.66877e+00
0 -4.01622e+00 -5.67260e+00
0 -4.01622e+00 -5.67301e+00
0 -4.01622e+00 -5.66610e+00
0 -4.01622e+00 -5.66993e+00
0 -4.01622e+00 -5.67328e+00
0 -4.01622e+00 -5.67699e+00
0 -4.01622e+00 -5.68055e+00
0 -4.01622e+00 -5.68328e+00
0 -4.01622e+00 -5.68702e+00
0 -4.01622e+00 -5.69068e+00
0 -4.01622e+00 -5.69441e+00
0 -4.01622e+00 -5.69781e+00
0 -4.01622e+00 -5.70120e+00
0 -4.01622e+00 -5.70473e+00
0 -4.01622e+00 -5.70843e+00
0 -4.01622e+00 -5.71155e+00
0 -4.01622e+00 -5.71526e+00
0 -4.01622e+00 -5.71475e+00
0 -4.01622e+00 -5.70738e+00
0 -4.01622e+00 -5.71099e+00
0 -4.01622e+00 -5.70478e+00
0 -4.01622e+00 -5.70459e+00
0 -4.01622e+00 -5.70695e+00
0 -4.01622e+00 -5.70973e+00
0 -4.01622e+00 -5.71333e+00
0 -4.01622e+00 -5.71692e+00
0 -4.01622e+00 -5.71243e+00
0 -4.01622e+00 -5.70490e+00
0 -4.01622e+00 -5.70674e+00
0 -4.01622e+00 -5.71031e+00
0 -4.01622e+00 -5.71215e+00
0 -4.01622e+00 -5.71560e+00
0 -4.01622e+00 -5.71906e+00
0 -4.01622e+00 -5.72262e+00
0 -4.01622e+00 -5.72617e+00
0 -4.01622e+00 -5.72904e+00
0 -4.01622e+00 -5.73249e+00
0 -4.01622e+00 -5.73552e+00
0 -4.01622e+00 -5.73306e+00
0 -4.01622e+00 -5.73459e+00
0 -4.01622e+00 -5.73779e+00
0 -4.01622e+00 -5.73922e+00
0 -4.01622e+00 -5.74122e+00
0 -4.01622e+00 -5.74297e+00
0 -4.01622e+00 -5.73857e+00
0 -4.01622e+00 -5.74191e+00
0 -4.01622e+00 -5.74524e+00
0 -4.01622e+00 -5.74868e+00
0 -4.01622e+00 -5.75208e+00
0 -4.01622e+00 -5.75053e+00
0 -4.01622e+00 -5.75383e+00
0 -4.01622e+00 -5.75133e+00
0 -4.01622e+00 -5.75211e+00
0 -4.01622e+00 -5.75553e+00
0 -4.01622e+00 -5.75891e+00
0 -4.01622e+00 -5.76146e+00
0 -4.01622e+00 -5.76396e+00
0 -4.01622e+00 -5.76734e+00
0 -4.01622e+00 -5.77076e+00
0 -4.01622e+00 -5.77408e+00
0 -4.01622e+00 -5.77748e+00
0 -4.01622e+00 -5.77673e+00
0 -4.01622e+00 -5.77144e+00
0 -4.01622e+00 -5.77425e+00
0 -4.01622e+00 -5.77759e+00
0 -4.01622e+00 -5.78016e+00
0 -4.01622e+00 -5.78350e+00
0 -4.01622e+00 -5.78681e+00
0 -4.01622e+00 -5.78995e+00
0 -4.01622e+00 -5.79290e+00
0 -4.01622e+00 -5.78785e+00
0 -4.01622e+00 -5.78914e+00
0 -4.01622e+00 -5.78894e+00
0 -4.01622e+00 -5.79204e+00
0 -4.01622e+00 -5.79528e+00
0 -4.01622e+00 -5.79851e+00
0 -4.01622e+00 -5.80178e+00
0 -4.01622e+00 -5.79049e+00
0 -4.01622e+00 -5.79370e+00
0 -4.01622e+00 -5.79691e+00
0 -4.01622e+00 -5.80016e+00
0 -4.01622e+00 -5.79851e+00
0 -4.01622e+00 -5.80148e+00
0 -4.01622e+00 -5.80434e+00
0 -4.01622e+00 -5.79387e+00
0 -4.01622e+00 -5.79708e+00
0 -4.01622e+00 -5.79898e+00
0 -4.01622e+00 -5.79129e+00
0 -4.01622e+00 -5.77901e+00
0 -4.01622e+00 -5.78223e+00
0 -4.01622e+00 -5.78435e+00
0 -4.01622e+00 -5.78737e+00
0 -4.01622e+00 -5.77553e+00
0 -4.01622e+00 -5.76488e+00
0 -4.01622e+00 -5.76788e+00
0 -4.01622e+00 -5.77088e+00
0 -4.01622e+00 -5.76953e+00
0 -4.01622e+00 -5.77157e+00
0 -4.01622e+00 -5.76782e+00
0 -4.01622e+00 -5.77097e+00
0 -4.01622e+00 -5.77410e+00
0 -4.01622e+00 -5.77571e+00
0 -4.01622e+00 -5.77878e+00
0 -4.01622e+00 -5.77385e+00
0 -4.01622e+00 -5.77697e+00
0 -4.01622e+00 -5.78008e+00
0 -4.01622e+00 -5.78276e+00
0 -4.01622e+00 -5.78330e+00
0 -4.01622e+00 -5.78533e+00
0 -4.01622e+00 -5.78834e+00
0 -4.01622e+00 -5.79145e+00
0 -4.01622e+00 -5.79296e+00
0 -4.01622e+00 -5.79595e+00
0 -4.01622e+00 -5.79903e+00
0 -4.01622e+00 -5.78985e+00
0 -4.01622e+00 -5.78023e+00
0 -4.01622e+00 -5.78329e+00
0 -4.01622e+00 -5.78625e+00
0 -4.01622e+00 -5.78885e+00
0 -4.01622e+00 -5.78983e+00
0 -4.01622e+00 -5.78717e+00
0 -4.01622e+00 -5.77771e+00
0 -4.01622e+00 -5.78038e+00
0 -4.01622e+00 -5.76770e+00
0 -4.01622e+00 -5.77069e+00
0 -4.01622e+00 -5.77337e+00
0 -4.01622e+00 -5.76048e+00
0 -4.01622e+00 -5.76350e+00
0 -4.01622e+00 -5.76645e+00
0 -4.01622e+00 -5.76943e+00
0 -4.01622e+00 -5.77186e+00
0 -4.01622e+00 -5.76037e+00
0 -4.01622e+00 -5.76332e+00
0 -4.01622e+00 -5.76229e+00
0 -4.01622e+00 -5.76212e+00
0 -4.01622e+00 -5.74979e+00
0 -4.01622e+00 -5.75274e+00
0 -4.01622e+00 -5.75562e+00
0 -4.01622e+00 -5.75330e+00
0 -4.01622e+00 -5.75601e+00
0 -4.01622e+00 -5.75846e+00
0 -4.01622e+00 -5.76139e+00
0 -4.01622e+00 -5.76429e+00
0 -4.01622e+00 -5.76710e+00
0 -4.01622e+00 -5.76988e+00
0 -4.01622e+00 -5.76695e+00
0 -4.01622e+00 -5.76519e+00
0 -4.01622e+00 -5.75924e+00
0 -4.01622e+00 -5.74915e+00
0 -4.01622e+00 -5.73963e+00
0 -4.01622e+00 -5.74243e+00
0 -4.01622e+00 -5.73419e+00
0 -4.01622e+00 -5.73619e+00
0 -4.01622e+00 -5.73735e+00
0 -4.01622e+00 -5.73736e+00
0 -4.01622e+00 -5.73371e+00
0 -4.01622e+00 -5.72148e+00
0 -4.01622e+00 -5.71760e+00
0 -4.01622e+00 -5.71405e+00
0 -4.01622e+00 -5.71683e+00
0 -4.01622e+00 -5.71966e+00
0 -4.01622e+00 -5.72247e+00
0 -4.01622e+00 -5.71488e+00
0 -4.01622e+00 -5.71758e+00
0 -4.01622e+00 -5.72034e+00
0 -4.01622e+00 -5.70922e+00
0 -4.01622e+00 -5.71208e+00
0 -4.01622e+00 -5.71386e+00
0 -4.01622e+00 -5.71670e+00
0 -4.01622e+00 -5.71128e+00
0 -4.01622e+00 -5.70337e+00
0 -4.01622e+00 -5.70368e+00
0 -4.01622e+00 -5.70647e+00
0 -4.01622e+00 -5.70925e+00
0 -4.01622e+00 -5.71044e+00
0 -4.01622e+00 -5.70710e+00
0 -4.01622e+00 -5.70803e+00
0 -4.01622e+00 -5.71057e+00
0 -4.01622e+00 -5.71332e+00
0 -4.01622e+00 -5.71589e+00
0 -4.01622e+00 -5.70699e+00
0 -4.01622e+00 -5.70750e+00
0 -4.01622e+00 -5.71027e+00
0 -4.01622e+00 -5.71299e+00
0 -4.01622e+00 -5.71516e+00
0 -4.01622e+00 -5.71688e+00
0 -4.01622e+00 -5.71485e+00
0 -4.01622e+00 -5.71757e+00
0 -4.01622e+00 -5.72025e+00
0 -4.01622e+00 -5.72297e+00
0 -4.01622e+00 -5.72450e+00
0 -4.01622e+00 -5.72712e+00
0 -4.01622e+00 -5.72983e+00
0 -4.01622e+00 -5.73212e+00
0 -4.01622e+00 -5.73446e+00
0 -4.01622e+00 -5.73713e+00
0 -4.01622e+00 -5.73966e+00
0 -4.01622e+00 -5.74235e+00
0 -4.01622e+00 -5.73249e+00
0 -4.01622e+00 -5.72391e+00
0 -4.01622e+00 -5.71394e+00
0 -4.01622e+00 -5.70841e+00
0 -4.01622e+00 -5.71093e+00
0 -4.01622e+00 -5.71305e+00
0 -4.01622e+00 -5.71571e+00
0 -4.01622e+00 -5.71835e+00
0 -4.01622e+00 -5.72067e+00
0 -4.01622e+00 -5.72242e+00
0 -4.01622e+00 -5.72443e+00
0 -4.01622e+00 -5.72707e+00
0 -4.01622e+00 -5.71856e+00
0 -4.01622e+00 -5.71904e+00
0 -4.01622e+00 -5.72170e+00
0 -4.01622e+00 -5.72222e+00
0 -4.01622e+00 -5.72309e+00
0 -4.01622e+00 -5.72564e+00
0 -4.01622e+00 -5.72614e+00
0 -4.01622e+00 -5.72582e+00
0 -4.01622e+00 -5.72823e+00
0 -4.01622e+00 -5.73085e+00
0 -4.01622e+00 -5.73347e+00
0 -4.01622e+00 -5.73608e+00
0 -4.01622e+00 -5.73647e+00
0 -4.01622e+00 -5.73796e+00
0 -4.01622e+00 -5.73891e+00
0 -4.01622e+00 -5.74150e+00
0 -4.01622e+00 -5.74379e+00
0 -4.01622e+00 -5.74369e+00
0 -4.01622e+00 -5.74618e+00
0 -4.01622e+00 -5.74366e+00
0 -4.01622e+00 -5.74618e+00
0 -4.01622e+00 -5.74876e+00
0 -4.01622e+00 -5.74930e+00
0 -4.01622e+00 -5.75149e+00
0 -4.01622e+00 -5.75279e+00
0 -4.01622e+00 -5.75260e+00
0 -4.01622e+00 -5.74418e+00
0 -4.01622e+00 -5.74623e+00
0 -4.01622e+00 -5.74839e+00
0 -4.01622e+00 -5.74741e+00
0 -4.01622e+00 -5.74992e+00
0 -4.01622e+00 -5.75243e+00
0 -4.01622e+00 -5.75481e+00
0 -4.01622e+00 -5.75733e+00
0 -4.01622e+00 -5.75985e+00
0 -4.01622e+00 -5.75383e+00
0 -4.01622e+00 -5.75633e+00
0 -4.01622e+00 -5.75862e+00
0 -4.01622e+00 -5.75890e+00
0 -4.01622e+00 -5.76140e+00
0 -4.01622e+00 -5.75754e+00
0 -4.01622e+00 -5.75875e+00
0 -4.01622e+00 -5.75365e+00
0 -4.01622e+00 -5.75557e+00
0 -4.01622e+00 -5.75707e+00
0 -4.01622e+00 -5.75910e+00
0 -4.01622e+00 -5.76159e+00
0 -4.01622e+00 -5.75242e+00
0 -4.01622e+00 -5.75477e+00
0 -4.01622e+00 -5.74956e+00
0 -4.01622e+00 -5.75202e+00
0 -4.01622e+00 -5.75418e+00
0 -4.01622e+00 -5.75568e+00
0 -4.01622e+00 -5.75811e+00
0 -4.01622e+00 -5.74947e+00
0 -4.01622e+00 -5.75191e+00
0 -4.01622e+00 -5.74479e+00
0 -4.01622e+00 -5.74721e+00
0 -4.01622e+00 -5.74856e+00
0 -4.01622e+00 -5.75099e+00
0 -4.01622e+00 -5.75340e+00
0 -4.01622e+00 -5.74463e+00
0 -4.01622e+00 -5.74703e+00
0 -4.01622e+00 -5.74911e+00
0 -4.01622e+00 -5.74963e+00
0 -4.01622e+00 -5.73952e+00
0 -4.01622e+00 -5.74153e+00
0 -4.01622e+00 -5.74053e+00
0 -4.01622e+00 -5.74291e+00
0 -4.01622e+00 -5.74529e+00
0 -4.01622e+00 -5.74346e+00
0 -4.01622e+00 -5.74581e+00
0 -4.01622e+00 -5.74821e+00
0 -4.01622e+00 -5.75057e+00
0 -4.01622e+00 -5.74824e+00
0 -4.01622e+00 -5.75054e+00
0 -4.01622e+00 -5.75293e+00
0 -4.01622e+00 -5.75526e+00
0 -4.01622e+00 -5.75628e+00
0 -4.01622e+00 -5.74784e+00
0 -4.01622e+00 -5.74511e+00
0 -4.01622e+00 -5.74690e+00
0 -4.01622e+00 -5.74879e+00
0 -4.01622e+00 -5.75062e+00
0 -4.01622e+00 -5.74903e+00
0 -4.01622e+00 -5.75134e+00
0 -4.01622e+00 -5.75039e+00
0 -4.01622e+00 -5.75272e+00
0 -4.01622e+00 -5.74777e+00
0 -4.01622e+00 -5.74945e+00
0 -4.01622e+00 -5.75171e+00
0 -4.01622e+00 -5.75362e+00
0 -4.01622e+00 -5.75121e+00
0 -4.01622e+00 -5.75353e+00
0 -4.01622e+00 -5.75583e+00
0 -4.01622e+00 -5.75816e+00
0 -4.01622e+00 -5.75396e+00
0 -4.01622e+00 -5.75306e+00
0 -4.01622e+00 -5.75466e+00
0 -4.01622e+00 -5.75542e+00
0 -4.01622e+00 -5.75772e+00
0 -4.01622e+00 -5.75999e+00
0 -4.01622e+00 -5.76199e+00
0 -4.01622e+00 -5.76368e+00
0 -4.01622e+00 -5.76136e+00
0 -4.01622e+00 -5.76361e+00
0 -4.01622e+00 -5.76568e+00
0 -4.01622e+00 -5.76655e+00
0 -4.01622e+00 -5.76780e+00
0 -4.01622e+00 -5.76800e+00
0 -4.01622e+00 -5.77023e+00
0 -4.01622e+00 -5.77250e+00
0 -4.01622e+00 -5.77477e+00
0 -4.01622e+00 -5.77368e+00
0 -4.01622e+00 -5.77056e+00
0 -4.01622e+00 -5.77272e+00
0 -4.01622e+00 -5.77313e+00
0 -4.01622e+00 -5.77492e+00
0 -4.01622e+00 -5.77707e+00
0 -4.01622e+00 -5.77925e+00
0 -4.01622e+00 -5.78139e+00
0 -4.01622e+00 -5.77655e+00
0 -4.01622e+00 -5.77170e+00
0 -4.01622e+00 -5.77377e+00
0 -4.01622e+00 -5.76441e+00
0 -4.01622e+00 -5.76655e+00
0 -4.01622e+00 -5.76860e+00
0 -4.01622e+00 -5.77085e+00
0 -4.01622e+00 -5.77255e+00
0 -4.01622e+00 -5.77479e+00
0 -4.01622e+00 -5.77305e+00
0 -4.01622e+00 -5.77505e+00
0 -4.01622e+00 -5.77717e+00
0 -4.01622e+00 -5.77928e+00
0 -4.01622e+00 -5.77687e+00
0 -4.01622e+00 -5.77885e+00
0 -4.01622e+00 -5.77920e+00
0 -4.01622e+00 -5.78133e+00
0 -4.01622e+00 -5.78290e+00
0 -4.01622e+00 -5.77744e+00
0 -4.01622e+00 -5.77961e+00
0 -4.01622e+00 -5.77603e+00
0 -4.01622e+00 -5.77798e+00
0 -4.01622e+00 -5.77926e+00
0 -4.01622e+00 -5.78143e+00
0 -4.01622e+00 -5.78109e+00
0 -4.01622e+00 -5.77841e+00
0 -4.01622e+00 -5.77989e+00
0 -4.01622e+00 -5.78203e+00
0 -4.01622e+00 -5.78059e+00
0 -4.01622e+00 -5.78197e+00
0 -4.01622e+00 -5.78397e+00
0 -4.01622e+00 -5.78396e+00
0 -4.01622e+00 -5.77932e+00
0 -4.01622e+00 -5.77899e+00
0 -4.01622e+00 -5.78115e+00
0 -4.01622e+00 -5.78248e+00
0 -4.01622e+00 -5.78463e+00
0 -4.01622e+00 -5.78378e+00
0 -4.01622e+00 -5.78259e+00
0 -4.01622e+00 -5.78358e+00
0 -4.01622e+00 -5.78542e+00
0 -4.01622e+00 -5.78023e+00
0 -4.01622e+00 -5.78234e+00
0 -4.01622e+00 -5.78417e+00
0 -4.01622e+00 -5.78578e+00
0 -4.01622e+00 -5.78168e+00
0 -4.01622e+00 -5.78377e+00
0 -4.01622e+00 -5.78583e+00
0 -4.01622e+00 -5.78751e+00
0 -4.01622e+00 -5.78957e+00
0 -4.01622e+00 -5.79167e+00
0 -4.01622e+00 -5.79002e+00
0 -4.01622e+00 -5.79208e+00
0 -4.01622e+00 -5.79411e+00
0 -4.01622e+00 -5.79495e+00
0 -4.01622e+00 -5.79699e+00
0 -4.01622e+00 -5.79686e+00
0 -4.01622e+00 -5.79740e+00
0 -4.01622e+00 -5.79949e+00
0 -4.01622e+00 -5.80151e+00
0 -4.01622e+00 -5.80352e+00
0 -4.01622e+00 -5.80562e+00
0 -4.01622e+00 -5.79666e+00
0 -4.01622e+00 -5.79786e+00
0 -4.01622e+00 -5.79938e+00
0 -4.01622e+00 -5.79144e+00
0 -4.01622e+00 -5.78984e+00
0 -4.01622e+00 -5.79162e+00
0 -4.01622e+00 -5.78912e+00
0 -4.01622e+00 -5.78918e+00
0 -4.01622e+00 -5.78478e+00
0 -4.01622e+00 -5.78682e+00
0 -4.01622e+00 -5.78084e+00
0 -4.01622e+00 -5.77820e+00
0 -4.01622e+00 -5.77924e+00
0 -4.01622e+00 -5.78115e+00
0 -4.01622e+00 -5.78316e+00
0 -4.01622e+00 -5.78490e+00
0 -4.01622e+00 -5.78694e+00
0 -4.01622e+00 -5.78895e+00
0 -4.01622e+00 -5.78911e+00
0 -4.01622e+00 -5.79109e+00
0 -4.01622e+00 -5.79313e+00
0 -4.01622e+00 -5.79517e+00
0 -4.01622e+00 -5.79709e+00
0 -4.01622e+00 -5.79771e+00
0 -4.01622e+00 -5.79966e+00
0 -4.01622e+00 -5.79869e+00
0 -4.01622e+00 -5.79322e+00
0 -4.01622e+00 -5.79104e+00
0 -4.01622e+00 -5.79257e+00
0 -4.01622e+00 -5.79459e+00
0 -4.01622e+00 -5.78762e+00
0 -4.01622e+00 -5.78847e+00
0 -4.01622e+00 -5.78417e+00
0 -4.01622e+00 -5.78617e+00
0 -4.01622e+00 -5.78719e+00
0 -4.01622e+00 -5.78433e+00
0 -4.01622e+00 -5.77626e+00
0 -4.01622e+00 -5.77827e+00
0 -4.01622e+00 -5.77677e+00
0 -4.01622e+00 -5.77778e+00
0 -4.01622e+00 -5.77964e+00
0 -4.01622e+00 -5.78144e+00
0 -4.01622e+00 -5.78293e+00
0 -4.01622e+00 -5.78464e+00
0 -4.01622e+00 -5.78657e+00
0 -4.01622e+00 -5.78723e+00
0 -4.01622e+00 -5.78572e+00
0 -4.01622e+00 -5.77879e+00
0 -4.01622e+00 -5.78072e+00
0 -4.01622e+00 -5.78110e+00
0 -4.01622e+00 -5.78207e+00
0 -4.01622e+00 -5.78402e+00
0 -4.01622e+00 -5.77956e+00
0 -4.01622e+00 -5.78044e+00
0 -4.01622e+00 -5.77802e+00
0 -4.01622e+00 -5.77999e+00
0 -4.01622e+00 -5.77923e+00
0 -4.01622e+00 -5.78089e+00
0 -4.01622e+00 -5.77892e+00
0 -4.01622e+00 -5.78072e+00
0 -4.01622e+00 -5.78265e+00
0 -4.01622e+00 -5.78457e+00
0 -4.01622e+00 -5.78649e+00
0 -4.01622e+00 -5.78834e+00
0 -4.01622e+00 -5.78448e+00
0 -4.01622e+00 -5.78628e+00
0 -4.01622e+00 -5.77946e+00
0 -4.01622e+00 -5.78139e+00
0 -4.01622e+00 -5.78333e+00
0 -4.01622e+00 -5.78523e+00
0 -4.01622e+00 -5.78265e+00
0 -4.01622e+00 -5.78042e+00
0 -4.01622e+00 -5.77422e+00
0 -4.01622e+00 -5.77599e+00
0 -4.01622e+00 -5.77753e+00
0 -4.01622e+00 -5.77688e+00
0 -4.01622e+00 -5.77746e+00
0 -4.01622e+00 -5.77881e+00
0 -4.01622e+00 -5.78070e+00
0 -4.01622e+00 -5.78131e+00
0 -4.01622e+00 -5.78317e+00
0 -4.01622e+00 -5.78402e+00
0 -4.01622e+00 -5.78590e+00
0 -4.01622e+00 -5.78779e+00
0 -4.01622e+00 -5.78425e+00
0 -4.01622e+00 -5.78528e+00
0 -4.01622e+00 -5.77994e+00
0 -4.01622e+00 -5.78179e+00
0 -4.01622e+00 -5.78369e+00
0 -4.01622e+00 -5.77942e+00
0 -4.01622e+00 -5.78129e+00
0 -4.01622e+00 -5.77934e+00
0 -4.01622e+00 -5.77132e+00
0 -4.01622e+00 -5.77318e+00
0 -4.01622e+00 -5.77507e+00
0 -4.01622e+00 -5.77271e+00
0 -4.01622e+00 -5.77195e+00
0 -4.01622e+00 -5.77366e+00
0 -4.01622e+00 -5.77389e+00
0 -4.01622e+00 -5.77106e+00
0 -4.01622e+00 -5.76619e+00
0 -4.01622e+00 -5.76802e+00
0 -4.01622e+00 -5.76963e+00
0 -4.01622e+00 -5.77141e+00
0 -4.01622e+00 -5.77244e+00
0 -4.01622e+00 -5.77427e+00
0 -4.01622e+00 -5.77442e+00
0 -4.01622e+00 -5.77623e+00
0 -4.01622e+00 -5.77807e+00
0 -4.01622e+00 -5.77785e+00
0 -4.01622e+00 -5.77757e+00
0 -4.01622e+00 -5.77522e+00
0 -4.01622e+00 -5.77437e+00
0 -4.01622e+00 -5.77164e+00
0 -4.01622e+00 -5.76414e+00
0 -4.01622e+00 -5.76598e+00
0 -4.01622e+00 -5.76722e+00
0 -4.01622e+00 -5.76785e+00
0 -4.01622e+00 -5.76945e+00
0 -4.01622e+00 -5.76990e+00
0 -4.01622e+00 -5.77128e+00
0 -4.01622e+00 -5.77284e+00
0 -4.01622e+00 -5.77352e+00
0 -4.01622e+00 -5.77462e+00
0 -4.01622e+00 -5.77172e+00
0 -4.01622e+00 -5.77353e+00
0 -4.01622e+00 -5.77491e+00
0 -4.01622e+00 -5.77036e+00
0 -4.01622e+00 -5.77170e+00
0 -4.01622e+00 -5.77040e+00
0 -4.01622e+00 -5.76977e+00
0 -4.01622e+00 -5.76507e+00
0 -4.01622e+00 -5.76686e+00
0 -4.01622e+00 -5.76801e+00
0 -4.01622e+00 -5.76978e+00
0 -4.01622e+00 -5.77145e+00
0 -4.01622e+00 -5.77152e+00
0 -4.01622e+00 -5.77326e+00
0 -4.01622e+00 -5.77293e+00
0 -4.01622e+00 -5.77472e+00
0 -4.01622e+00 -5.77475e+00
0 -4.01622e+00 -5.77648e+00
0 -4.01622e+00 -5.77044e+00
0 -4.01622e+00 -5.77205e+00
0 -4.01622e+00 -5.77021e+00
0 -4.01622e+00 -5.77105e+00
0 -4.01622e+00 -5.76820e+00
0 -4.01622e+00 -5.76522e+00
0 -4.01622e+00 -5.76547e+00
0 -4.01622e+00 -5.76569e+00
0 -4.01622e+00 -5.76745e+00
0 -4.01622e+00 -5.76921e+00
0 -4.01622e+00 -5.77096e+00
0 -4.01622e+00 -5.77244e+00
0 -4.01622e+00 -5.77410e+00
0 -4.01622e+00 -5.77583e+00
0 -4.01622e+00 -5.77706e+00
0 -4.01622e+00 -5.77380e+00
0 -4.01622e+00 -5.77554e+00
0 -4.01622e+00 -5.77726e+00
0 -4.01622e+00 -5.77257e+00
0 -4.01622e+00 -5.77352e+00
0 -4.01622e+00 -5.76850e+00
0 -4.01622e+00 -5.76941e+00
0 -4.01622e+00 -5.76354e+00
0 -4.01622e+00 -5.76455e+00
0 -4.01622e+00 -5.75868e+00
0 -4.01622e+00 -5.75777e+00
0 -4.01622e+00 -5.75380e+00
0 -4.01622e+00 -5.75421e+00
0 -4.01622e+00 -5.75054e+00
0 -4.01622e+00 -5.75024e+00
0 -4.01622e+00 -5.74793e+00
0 -4.01622e+00 -5.74968e+00
0 -4.01622e+00 -5.74358e+00
0 -4.01622e+00 -5.74531e+00
0 -4.01622e+00 -5.74703e+00
0 -4.01622e+00 -5.74709e+00
0 -4.01622e+00 -5.74268e+00
0 -4.01622e+00 -5.74443e+00
0 -4.01622e+00 -5.74611e+00
0 -4.01622e+00 -5.74783e+00
0 -4.01622e+00 -5.74841e+00
0 -4.01622e+00 -5.75010e+00
0 -4.01622e+00 -5.75116e+00
0 -4.01622e+00 -5.75251e+00
0 -4.01622e+00 -5.75418e+00
0 -4.01622e+00 -5.75590e+00
0 -4.01622e+00 -5.75540e+00
0 -4.01622e+00 -5.75450e+00
0 -4.01622e+00 -5.75551e+00
0 -4.01622e+00 -5.75720e+00
0 -4.01622e+00 -5.75412e+00
0 -4.01622e+00 -5.74896e+00
0 -4.01622e+00 -5.75066e+00
0 -4.01622e+00 -5.75205e+00
0 -4.01622e+00 -5.75198e+00
0 -4.01622e+00 -5.74592e+00
0 -4.01622e+00 -5.74760e+00
0 -4.01622e+00 -5.74929e+00
0 -4.01622e+00 -5.75097e+00
0 -4.01622e+00 -5.75262e+00
0 -4.01622e+00 -5.74941e+00
0 -4.01622e+00 -5.75070e+00
0 -4.01622e+00 -5.75144e+00
0 -4.01622e+00 -5.75295e+00
0 -4.01622e+00 -5.75441e+00
0 -4.01622e+00 -5.75015e+00
0 -4.01622e+00 -5.74854e+00
0 -4.01622e+00 -5.74261e+00
0 -4.01622e+00 -5.74415e+00
0 -4.01622e+00 -5.74584e+00
0 -4.01622e+00 -5.74236e+00
0 -4.01622e+00 -5.73715e+00
0 -4.01622e+00 -5.73878e+00
0 -4.01622e+00 -5.74039e+00
0 -4.01622e+00 -5.74208e+00
0 -4.01622e+00 -5.73791e+00
0 -4.01622e+00 -5.73959e+00
0 -4.01622e+00 -5.74117e+00
0 -4.01622e+00 -5.74260e+00
0 -4.01622e+00 -5.74359e+00
0 -4.01622e+00 -5.74292e+00
0 -4.01622e+00 -5.74036e+00
0 -4.01622e+00 -5.74200e+00
0 -4.01622e+00 -5.74353e+00
0 -4.01622e+00 -5.73885e+00
0 -4.01622e+00 -5.74011e+00
0 -4.01622e+00 -5.74124e+00
0 -4.01622e+00 -5.74285e+00
0 -4.01622e+00 -5.73859e+00
0 -4.01622e+00 -5.74019e+00
0 -4.01622e+00 -5.73455e+00
0 -4.01622e+00 -5.73568e+00
0 -4.01622e+00 -5.73732e+00
0 -4.01622e+00 -5.73786e+00
0 -4.01622e+00 -5.73899e+00
0 -4.01622e+00 -5.73610e+00
0 -4.01622e+00 -5.73772e+00
0 -4.01622e+00 -5.73290e+00
0 -4.01622e+00 -5.73214e+00
0 -4.01622e+00 -5.72977e+00
0 -4.01622e+00 -5.73119e+00
0 -4.01622e+00 -5.73282e+00
0 -4.01622e+00 -5.73417e+00
0 -4.01622e+00 -5.73168e+00
0 -4.01622e+00 -5.73293e+00
0 -4.01622e+00 -5.73445e+00
0 -4.01622e+00 -5.73544e+00
0 -4.01622e+00 -5.73659e+00
0 -4.01622e+00 -5.73111e+00
0 -4.01622e+00 -5.73262e+00
0 -4.01622e+00 -5.72899e+00
0 -4.01622e+00 -5.73028e+00
0 -4.01622e+00 -5.73126e+00
0 -4.01622e+00 -5.73284e+00
0 -4.01622e+00 -5.73445e+00
0 -4.01622e+00 -5.72892e+00
0 -4.01622e+00 -5.72881e+00
0 -4.01622e+00 -5.72758e+00
0 -4.01622e+00 -5.72503e+00
0 -4.01622e+00 -5.72651e+00
0 -4.01622e+00 -5.72805e+00
0 -4.01622e+00 -5.72963e+00
0 -4.01622e+00 -5.73117e+00
0 -4.01622e+00 -5.72605e+00
0 -4.01622e+00 -5.72564e+00
0 -4.01622e+00 -5.72723e+00
0 -4.01622e+00 -5.72667e+00
0 -4.01622e+00 -5.72820e+00
0 -4.01622e+00 -5.72979e+00
0 -4.01622e+00 -5.73127e+00
0 -4.01622e+00 -5.72519e+00
0 -4.01622e+00 -5.72642e+00
0 -4.01622e+00 -5.72252e+00
0 -4.01622e+00 -5.72410e+00
0 -4.01622e+00 -5.72314e+00
0 -4.01622e+00 -5.72228e+00
0 -4.01622e+00 -5.72079e+00
0 -4.01622e+00 -5.72237e+00
0 -4.01622e+00 -5.72371e+00
0 -4.01622e+00 -5.72529e+00
0 -4.01622e+00 -5.72331e+00
0 -4.01622e+00 -5.72487e+00
0 -4.01622e+00 -5.72644e+00
0 -4.01622e+00 -5.72795e+00
0 -4.01622e+00 -5.72873e+00
0 -4.01622e+00 -5.73006e+00
0 -4.01622e+00 -5.73162e+00
0 -4.01622e+00 -5.73316e+00
0 -4.01622e+00 -5.73025e+00
0 -4.01622e+00 -5.72495e+00
0 -4.01622e+00 -5.72647e+00
0 -4.01622e+00 -5.72803e+00
0 -4.01622e+00 -5.72947e+00
0 -4.01622e+00 -5.73035e+00
0 -4.01622e+00 -5.73190e+00
0 -4.01622e+00 -5.73345e+00
0 -4.01622e+00 -5.73493e+00
0 -4.01622e+00 -5.73649e+00
0 -4.01622e+00 -5.73803e+00
0 -4.01622e+00 -5.73818e+00
0 -4.01622e+00 -5.73575e+00
0 -4.01622e+00 -5.73719e+00
0 -4.01622e+00 -5.73872e+00
0 -4.01622e+00 -5.74021e+00
0 -4.01622e+00 -5.74174e+00
0 -4.01622e+00 -5.74318e+00
0 -4.01622e+00 -5.74340e+00
0 -4.01622e+00 -5.74470e+00
0 -4.01622e+00 -5.74257e+00
0 -4.01622e+00 -5.74407e+00
0 -4.01622e+00 -5.74556e+00
0 -4.01622e+00 -5.74681e+00
0 -4.01622e+00 -5.74829e+00
0 -4.01622e+00 -5.74892e+00
0 -4.01622e+00 -5.75042e+00
0 -4.01622e+00 -5.74581e+00
0 -4.01622e+00 -5.74609e+00
0 -4.01622e+00 -5.74760e+00
0 -4.01622e+00 -5.74911e+00
0 -4.01622e+00 -5.74264e+00
0 -4.01622e+00 -5.74311e+00
0 -4.01622e+00 -5.74437e+00
0 -4.01622e+00 -5.74559e+00
0 -4.01622e+00 -5.74586e+00
0 -4.01622e+00 -5.74162e+00
0 -4.01622e+00 -5.74312e+00
0 -4.01622e+00 -5.74464e+00
0 -4.01622e+00 -5.74046e+00
0 -4.01622e+00 -5.73975e+00
0 -4.01622e+00 -5.74125e+00
0 -4.01622e+00 -5.74249e+00
0 -4.01622e+00 -5.74377e+00
0 -4.01622e+00 -5.74017e+00
0 -4.01622e+00 -5.74155e+00
0 -4.01622e+00 -5.74300e+00
0 -4.01622e+00 -5.74427e+00
0 -4.01622e+00 -5.74549e+00
0 -4.01622e+00 -5.74687e+00
0 -4.01622e+00 -5.74805e+00
0 -4.01622e+00 -5.74854e+00
0 -4.01622e+00 -5.74934e+00
0 -4.01622e+00 -5.75085e+00
0 -4.01622e+00 -5.75093e+00
0 -4.01622e+00 -5.74855e+00
0 -4.01622e+00 -5.74989e+00
0 -4.01622e+00 -5.75139e+00
0 -4.01622e+00 -5.75287e+00
0 -4.01622e+00 -5.75437e+00
0 -4.01622e+00 -5.75495e+00
0 -4.01622e+00 -5.75115e+00
0 -4.01622e+00 -5.75242e+00
0 -4.01622e+00 -5.75389e+00
0 -4.01622e+00 -5.75389e+00
0 -4.01622e+00 -5.75506e+00
0 -4.01622e+00 -5.75612e+00
0 -4.01622e+00 -5.75759e+00
0 -4.01622e+00 -5.75903e+00
0 -4.01622e+00 -5.76049e+00
0 -4.01622e+00 -5.76081e+00
0 -4.01622e+00 -5.76148e+00
0 -4.01622e+00 -5.76169e+00
0 -4.01622e+00 -5.76301e+00
0 -4.01622e+00 -5.76443e+00
0 -4.01622e+00 -5.76029e+00
0 -4.01622e+00 -5.76176e+00
0 -4.01622e+00 -5.76322e+00
0 -4.01622e+00 -5.76297e+00
0 -4.01622e+00 -5.75923e+00
0 -4.01622e+00 -5.76070e+00
0 -4.01622e+00 -5.76215e+00
0 -4.01622e+00 -5.76253e+00
0 -4.01622e+00 -5.76295e+00
0 -4.01622e+00 -5.76346e+00
0 -4.01622e+00 -5.76418e+00
0 -4.01622e+00 -5.76328e+00
0 -4.01622e+00 -5.76472e+00
0 -4.01622e+00 -5.76619e+00
0 -4.01622e+00 -5.76511e+00
0 -4.01622e+00 -5.76321e+00
0 -4.01622e+00 -5.76185e+00
0 -4.01622e+00 -5.76323e+00
0 -4.01622e+00 -5.76468e+00
0 -4.01622e+00 -5.75889e+00
0 -4.01622e+00 -5.76032e+00
0 -4.01622e+00 -5.76006e+00
0 -4.01622e+00 -5.75755e+00
0 -4.01622e+00 -5.75834e+00
0 -4.01622e+00 -5.75978e+00
0 -4.01622e+00 -5.76122e+00
0 -4.01622e+00 -5.76260e+00
0 -4.01622e+00 -5.76381e+00
0 -4.01622e+00 -5.76521e+00
0 -4.01622e+00 -5.76664e+00
0 -4.01622e+00 -5.76351e+00
0 -4.01622e+00 -5.76486e+00
0 -4.01622e+00 -5.76626e+00
0 -4.01622e+00 -5.76755e+00
0 -4.01622e+00 -5.76888e+00
0 -4.01622e+00 -5.76980e+00
0 -4.01622e+00 -5.77123e+00
0 -4.01622e+00 -5.77261e+00
0 -4.01622e+00 -5.76922e+00
0 -4.01622e+00 -5.76589e+00
0 -4.01622e+00 -5.76462e+00
0 -4.01622e+00 -5.76385e+00
0 -4.01622e+00 -5.76522e+00
0 -4.01622e+00 -5.76663e+00
0 -4.01622e+00 -5.76757e+00
0 -4.01622e+00 -5.76856e+00
0 -4.01622e+00 -5.76803e+00
0 -4.01622e+00 -5.76886e+00
0 -4.01622e+00 -5.77024e+00
0 -4.01622e+00 -5.76586e+00
0 -4.01622e+00 -5.76491e+00
0 -4.01622e+00 -5.76630e+00
0 -4.01622e+00 -5.76650e+00
0 -4.01622e+00 -5.76770e+00
0 -4.01622e+00 -5.76579e+00
0 -4.01622e+00 -5.76717e+00
0 -4.01622e+00 -5.76736e+00
0 -4.01622e+00 -5.76876e+00
0 -4.01622e+00 -5.76882e+00
0 -4.01622e+00 -5.76468e+00
0 -4.01622e+00 -5.76608e+00
0 -4.01622e+00 -5.76196e+00
0 -4.01622e+00 -5.75827e+00
0 -4.01622e+00 -5.75963e+00
0 -4.01622e+00 -5.75470e+00
0 -4.01622e+00 -5.75608e+00
0 -4.01622e+00 -5.75564e+00
0 -4.01622e+00 -5.75504e+00
0 -4.01622e+00 -5.75643e+00
0 -4.01622e+00 -5.75780e+00
0 -4.01622e+00 -5.75909e+00
0 -4.01622e+00 -5.76039e+00
0 -4.01622e+00 -5.76177e+00
0 -4.01622e+00 -5.76266e+00
0 -4.01622e+00 -5.75974e+00
0 -4.01622e+00 -5.75899e+00
0 -4.01622e+00 -5.75641e+00
0 -4.01622e+00 -5.75327e+00
0 -4.01622e+00 -5.75464e+00
0 -4.01622e+00 -5.75263e+00
0 -4.01622e+00 -5.75401e+00
0 -4.01622e+00 -5.75537e+00
0 -4.01622e+00 -5.75676e+00
0 -4.01622e+00 -5.75445e+00
0 -4.01622e+00 -5.74903e+00
0 -4.01622e+00 -5.75036e+00
0 -4.01622e+00 -5.75164e+00
0 -4.01622e+00 -5.75208e+00
0 -4.01622e+00 -5.75345e+00
0 -4.01622e+00 -5.75480e+00
0 -4.01622e+00 -5.75529e+00
0 -4.01622e+00 -5.75641e+00
0 -4.01622e+00 -5.75777e+00
0 -4.01622e+00 -5.75731e+00
0 -4.01622e+00 -5.75867e+00
0 -4.01622e+00 -5.75988e+00
0 -4.01622e+00 -5.76121e+00
0 -4.01622e+00 -5.76249e+00
0 -4.01622e+00 -5.76211e+00
0 -4.01622e+00 -5.76347e+00
0 -4.01622e+00 -5.76146e+00
0 -4.01622e+00 -5.76279e+00
0 -4.01622e+00 -5.76116e+00
0 -4.01622e+00 -5.76244e+00
0 -4.01622e+00 -5.76268e+00
0 -4.01622e+00 -5.76400e+00
0 -4.01622e+00 -5.76521e+00
0 -4.01622e+00 -5.76637e+00
0 -4.01622e+00 -5.76701e+00
0 -4.01622e+00 -5.76834e+00
0 -4.01622e+00 -5.76962e+00
0 -4.01622e+00 -5.76733e+00
0 -4.01622e+00 -5.76860e+00
0 -4.01622e+00 -5.76994e+00
0 -4.01622e+00 -5.76875e+00
0 -4.01622e+00 -5.76629e+00
0 -4.01622e+00 -5.76753e+00
0 -4.01622e+00 -5.76495e+00
0 -4.01622e+00 -5.76203e+00
0 -4.01622e+00 -5.76338e+00
0 -4.01622e+00 -5.76314e+00
0 -4.01622e+00 -5.76447e+00
0 -4.01622e+00 -5.76128e+00
0 -4.01622e+00 -5.76204e+00
0 -4.01622e+00 -5.76322e+00
0 -4.01622e+00 -5.76417e+00
0 -4.01622e+00 -5.76509e+00
0 -4.01622e+00 -5.76643e+00
0 -4.01622e+00 -5.76098e+00
0 -4.01622e+00 -5.75885e+00
0 -4.01622e+00 -5.75743e+00
0 -4.01622e+00 -5.75693e+00
0 -4.01622e+00 -5.75823e+00
0 -4.01622e+00 -5.75580e+00
0 -4.01622e+00 -5.75711e+00
0 -4.01622e+00 -5.75844e+00
0 -4.01622e+00 -5.75964e+00
0 -4.01622e+00 -5.76096e+00
0 -4.01622e+00 -5.76207e+00
0 -4.01622e+00 -5.76331e+00
0 -4.01622e+00 -5.76431e+00
0 -4.01622e+00 -5.76419e+00
0 -4.01622e+00 -5.76520e+00
0 -4.01622e+00 -5.76651e+00
0 -4.01622e+00 -5.76678e+00
0 -4.01622e+00 -5.76544e+00
0 -4.01622e+00 -5.76657e+00
0 -4.01622e+00 -5.76785e+00
0 -4.01622e+00 -5.76774e+00
0 -4.01622e+00 -5.76885e+00
0 -4.01622e+00 -5.76949e+00
0 -4.01622e+00 -5.76964e+00
0 -4.01622e+00 -5.76966e+00
0 -4.01622e+00 -5.76741e+00
0 -4.01622e+00 -5.76532e+00
0 -4.01622e+00 -5.76138e+00
0 -4.01622e+00 -5.76223e+00
0 -4.01622e+00 -5.75877e+00
0 -4.01622e+00 -5.76008e+00
0 -4.01622e+00 -5.76125e+00
0 -4.01622e+00 -5.75736e+00
0 -4.01622e+00 -5.75822e+00
0 -4.01622e+00 -5.75370e+00
0 -4.01622e+00 -5.75471e+00
0 -4.01622e+00 -5.75587e+00
0 -4.01622e+00 -5.75712e+00
0 -4.01622e+00 -5.75842e+00
0 -4.01622e+00 -5.75893e+00
0 -4.01622e+00 -5.76022e+00
0 -4.01622e+00 -5.75828e+00
0 -4.01622e+00 -5.75268e+00
0 -4.01622e+00 -5.75397e+00
0 -4.01622e+00 -5.75524e+00
0 -4.01622e+00 -5.75651e+00
0 -4.01622e+00 -5.75778e+00
0 -4.01622e+00 -5.75787e+00
0 -4.01622e+00 -5.75915e+00
0 -4.01622e+00 -5.75788e+00
0 -4.01622e+00 -5.75915e+00
0 -4.01622e+00 -5.75804e+00
0 -4.01622e+00 -5.75915e+00
0 -4.01622e+00 -5.76042e+00
0 -4.01622e+00 -5.76060e+00
0 -4.01622e+00 -5.76080e+00
0 -4.01622e+00 -5.75713e+00
0 -4.01622e+00 -5.75841e+00
0 -4.01622e+00 -5.75949e+00
0 -4.01622e+00 -5.75564e+00
0 -4.01622e+00 -5.75686e+00
0 -4.01622e+00 -5.75805e+00
0 -4.01622e+00 -5.75919e+00
0 -4.01622e+00 -5.76046e+00
0 -4.01622e+00 -5.76169e+00
0 -4.01622e+00 -5.76181e+00
0 -4.01622e+00 -5.76147e+00
0 -4.01622e+00 -5.76274e+00
0 -4.01622e+00 -5.76351e+00
0 -4.01622e+00 -5.76061e+00
0 -4.01622e+00 -5.75946e+00
0 -4.01622e+00 -5.76073e+00
0 -4.01622e+00 -5.76196e+00
0 -4.01622e+00 -5.76320e+00
0 -4.01622e+00 -5.76322e+00
0 -4.01622e+00 -5.76448e+00
0 -4.01622e+00 -5.75929e+00
0 -4.01622e+00 -5.76054e+00
0 -4.01622e+00 -5.76179e+00
0 -4.01622e+00 -5.76302e+00
0 -4.01622e+00 -5.76411e+00
0 -4.01622e+00 -5.76467e+00
0 -4.01622e+00 -5.76181e+00
0 -4.01622e+00 -5.76205e+00
0 -4.01622e+00 -5.76331e+00
0 -4.01622e+00 -5.75849e+00
0 -4.01622e+00 -5.75972e+00
0 -4.01622e+00 -5.76094e+00
0 -4.01622e+00 -5.76111e+00
0 -4.01622e+00 -5.76235e+00
0 -4.01622e+00 -5.76344e+00
0 -4.01622e+00 -5.75892e+00
0 -4.01622e+00 -5.75404e+00
0 -4.01622e+00 -5.74926e+00
0 -4.01622e+00 -5.74886e+00
0 -4.01622e+00 -5.75006e+00
0 -4.01622e+00 -5.74660e+00
0 -4.01622e+00 -5.74778e+00
0 -4.01622e+00 -5.74815e+00
0 -4.01622e+00 -5.74938e+00
0 -4.01622e+00 -5.74870e+00
0 -4.01622e+00 -5.74983e+00
0 -4.01622e+00 -5.75102e+00
0 -4.01622e+00 -5.75223e+00
0 -4.01622e+00 -5.75010e+00
0 -4.01622e+00 -5.74758e+00
0 -4.01622e+00 -5.74395e+00
0 -4.01622e+00 -5.74504e+00
0 -4.01622e+00 -5.74333e+00
0 -4.01622e+00 -5.73930e+00
0 -4.01622e+00 -5.73940e+00
0 -4.01622e+00 -5.74063e+00
0 -4.01622e+00 -5.74187e+00
0 -4.01622e+00 -5.74200e+00
0 -4.01622e+00 -5.74322e+00
0 -4.01622e+00 -5.74265e+00
0 -4.01622e+00 -5.74386e+00
0 -4.01622e+00 -5.74326e+00
0 -4.01622e+00 -5.74362e+00
0 -4.01622e+00 -5.74470e+00
0 -4.01622e+00 -5.74590e+00
0 -4.01622e+00 -5.74702e+00
0 -4.01622e+00 -5.74822e+00
0 -4.01622e+00 -5.74901e+00
0 -4.01622e+00 -5.74911e+00
0 -4.01622e+00 -5.74897e+00
0 -4.01622e+00 -5.75019e+00
0 -4.01622e+00 -5.75061e+00
0 -4.01622e+00 -5.75166e+00
0 -4.01622e+00 -5.75255e+00
0 -4.01622e+00 -5.75374e+00
0 -4.01622e+00 -5.75494e+00
0 -4.01622e+00 -5.75591e+00
0 -4.01622e+00 -5.75511e+00
0 -4.01622e+00 -5.75622e+00
0 -4.01622e+00 -5.75727e+00
0 -4.01622e+00 -5.75848e+00
0 -4.01622e+00 -5.75579e+00
0 -4.01622e+00 -5.75565e+00
0 -4.01622e+00 -5.75379e+00
0 -4.01622e+00 -5.75300e+00
0 -4.01622e+00 -5.75419e+00
0 -4.01622e+00 -5.75538e+00
0 -4.01622e+00 -5.75649e+00
0 -4.01622e+00 -5.75766e+00
0 -4.01622e+00 -5.75885e+00
0 -4.01622e+00 -5.75989e+00
0 -4.01622e+00 -5.75523e+00
0 -4.01622e+00 -5.75642e+00
0 -4.01622e+00 -5.75460e+00
0 -4.01622e+00 -5.75572e+00
0 -4.01622e+00 -5.75126e+00
0 -4.01622e+00 -5.75246e+00
0 -4.01622e+00 -5.75170e+00
0 -4.01622e+00 -5.75184e+00
0 -4.01622e+00 -5.74749e+00
0 -4.01622e+00 -5.74866e+00
0 -4.01622e+00 -5.74976e+00
0 -4.01622e+00 -5.75077e+00
0 -4.01622e+00 -5.75197e+00
0 -4.01622e+00 -5.75315e+00
0 -4.01622e+00 -5.75431e+00
0 -4.01622e+00 -5.75548e+00
0 -4.01622e+00 -5.75461e+00
0 -4.01622e+00 -5.75374e+00
0 -4.01622e+00 -5.75485e+00
0 -4.01622e+00 -5.75577e+00
0 -4.01622e+00 -5.75694e+00
0 -4.01622e+00 -5.75772e+00
0 -4.01622e+00 -5.75852e+00
0 -4.01622e+00 -5.75829e+00
0 -4.01622e+00 -5.75946e+00
0 -4.01622e+00 -5.76057e+00
0 -4.01622e+00 -5.76156e+00
0 -4.01622e+00 -5.76272e+00
0 -4.01622e+00 -5.76377e+00
0 -4.01622e+00 -5.76432e+00
0 -4.01622e+00 -5.75930e+00
0 -4.01622e+00 -5.76048e+00
0 -4.01622e+00 -5.76164e+00
0 -4.01622e+00 -5.76279e+00
0 -4.01622e+00 -5.76372e+00
0 -4.01622e+00 -5.76486e+00
0 -4.01622e+00 -5.76542e+00
0 -4.01622e+00 -5.76651e+00
0 -4.01622e+00 -5.76769e+00
0 -4.01622e+00 -5.76877e+00
0 -4.01622e+00 -5.76991e+00
0 -4.01622e+00 -5.76575e+00
0 -4.01622e+00 -5.76691e+00
0 -4.01622e+00 -5.76807e+00
0 -4.01622e+00 -5.76384e+00
0 -4.01622e+00 -5.76500e+00
0 -4.01622e+00 -5.76188e+00
0 -4.01622e+00 -5.76303e+00
0 -4.01622e+00 -5.76110e+00
0 -4.01622e+00 -5.76003e+00
0 -4.01622e+00 -5.75735e+00
0 -4.01622e+00 -5.75841e+00
0 -4.01622e+00 -5.75876e+00
0 -4.01622e+00 -5.75810e+00
0 -4.01622e+00 -5.75919e+00
0 -4.01622e+00 -5.75947e+00
0 -4.01622e+00 -5.76062e+00
0 -4.01622e+00 -5.76153e+00
0 -4.01622e+00 -5.76267e+00
0 -4.01622e+00 -5.76267e+00
0 -4.01622e+00 -5.76076e+00
0 -4.01622e+00 -5.76188e+00
0 -4.01622e+00 -5.76143e+00
0 -4.01622e+00 -5.76259e+00
0 -4.01622e+00 -5.76081e+00
0 -4.01622e+00 -5.76174e+00
0 -4.01622e+00 -5.76287e+00
0 -4.01622e+00 -5.76403e+00
0 -4.01622e+00 -5.76517e+00
0 -4.01622e+00 -5.76631e+00
0 -4.01622e+00 -5.76163e+00
0 -4.01622e+00 -5.76276e+00
0 -4.01622e+00 -5.76305e+00
0 -4.01622e+00 -5.76286e+00
0 -4.01622e+00 -5.76366e+00
0 -4.01622e+00 -5.76412e+00
0 -4.01622e+00 -5.76507e+00
0 -4.01622e+00 -5.76530e+00
0 -4.01622e+00 -5.76629e+00
0 -4.01622e+00 -5.76731e+00
0 -4.01622e+00 -5.76845e+00
0 -4.01622e+00 -5.76957e+00
0 -4.01622e+00 -5.77061e+00
0 -4.01622e+00 -5.77092e+00
0 -4.01622e+00 -5.77042e+00
0 -4.01622e+00 -5.77077e+00
0 -4.01622e+00 -5.77168e+00
0 -4.01622e+00 -5.77282e+00
0 -4.01622e+00 -5.77326e+00
0 -4.01622e+00 -5.77174e+00
0 -4.01622e+00 -5.77284e+00
0 -4.01622e+00 -5.77395e+00
0 -4.01622e+00 -5.77508e+00
0 -4.01622e+00 -5.77607e+00
0 -4.01622e+00 -5.77686e+00
0 -4.01622e+00 -5.77770e+00
0 -4.01622e+00 -5.77799e+00
0 -4.01622e+00 -5.77835e+00
0 -4.01622e+00 -5.77947e+00
0 -4.01622e+00 -5.77838e+00
0 -4.01622e+00 -5.77950e+00
0 -4.01622e+00 -5.78060e+00
0 -4.01622e+00 -5.77984e+00
0 -4.01622e+00 -5.78095e+00
0 -4.01622e+00 -5.78205e+00
0 -4.01622e+00 -5.77942e+00
0 -4.01622e+00 -5.78052e+00
0 -4.01622e+00 -5.78162e+00
0 -4.01622e+00 -5.78268e+00
0 -4.01622e+00 -5.78379e+00
0 -4.01622e+00 -5.78488e+00
0 -4.01622e+00 -5.78589e+00
0 -4.01622e+00 -5.78699e+00
0 -4.01622e+00 -5.78775e+00
0 -4.01622e+00 -5.78633e+00
0 -4.01622e+00 -5.78730e+00
0 -4.01622e+00 -5.78755e+00
0 -4.01622e+00 -5.78377e+00
0 -4.01622e+00 -5.78486e+00
0 -4.01622e+00 -5.78598e+00
0 -4.01622e+00 -5.78668e+00
0 -4.01622e+00 -5.78776e+00
0 -4.01622e+00 -5.78674e+00
0 -4.01622e+00 -5.78359e+00
0 -4.01622e+00 -5.78435e+00
0 -4.01622e+00 -5.78466e+00
0 -4.01622e+00 -5.78576e+00
0 -4.01622e+00 -5.78516e+00
0 -4.01622e+00 -5.78621e+00
0 -4.01622e+00 -5.78729e+00
0 -4.01622e+00 -5.78685e+00
0 -4.01622e+00 -5.78779e+00
0 -4.01622e+00 -5.78879e+00
0 -4.01622e+00 -5.78968e+00
0 -4.01622e+00 -5.79047e+00
0 -4.01622e+00 -5.79154e+00
0 -4.01622e+00 -5.78990e+00
0 -4.01622e+00 -5.78924e+00
0 -4.01622e+00 -5.78490e+00
0 -4.01622e+00 -5.78598e+00
0 -4.01622e+00 -5.78419e+00
0 -4.01622e+00 -5.78527e+00
0 -4.01622e+00 -5.78634e+00
0 -4.01622e+00 -5.78743e+00
0 -4.01622e+00 -5.78836e+00
0 -4.01622e+00 -5.78819e+00
0 -4.01622e+00 -5.78921e+00
0 -4.01622e+00 -5.79030e+00
0 -4.01622e+00 -5.78859e+00
0 -4.01622e+00 -5.78968e+00
0 -4.01622e+00 -5.79075e+00
0 -4.01622e+00 -5.78932e+00
0 -4.01622e+00 -5.79039e+00
0 -4.01622e+00 -5.79145e+00
0 -4.01622e+00 -5.79223e+00
0 -4.01622e+00 -5.78789e+00
0 -4.01622e+00 -5.78895e+00
0 -4.01622e+00 -5.78694e+00
0 -4.01622e+00 -5.78798e+00
0 -4.01622e+00 -5.78904e+00
0 -4.01622e+00 -5.79012e+00
0 -4.01622e+00 -5.78969e+00
0 -4.01622e+00 -5.79077e+00
0 -4.01622e+00 -5.79096e+00
0 -4.01622e+00 -5.78867e+00
0 -4.01622e+00 -5.78972e+00
0 -4.01622e+00 -5.78862e+00
0 -4.01622e+00 -5.78820e+00
0 -4.01622e+00 -5.78929e+00
0 -4.01622e+00 -5.78985e+00
0 -4.01622e+00 -5.79094e+00
0 -4.01622e+00 -5.79201e+00
0 -4.01622e+00 -5.79187e+00
0 -4.01622e+00 -5.79294e+00
0 -4.01622e+00 -5.79210e+00
0 -4.01622e+00 -5.79316e+00
0 -4.01622e+00 -5.79232e+00
0 -4.01622e+00 -5.79315e+00
0 -4.01622e+00 -5.79396e+00
0 -4.01622e+00 -5.79495e+00
0 -4.01622e+00 -5.79599e+00
0 -4.01622e+00 -5.79691e+00
0 -4.01622e+00 -5.79773e+00
0 -4.01622e+00 -5.79522e+00
0 -4.01622e+00 -5.79535e+00
0 -4.01622e+00 -5.79634e+00
0 -4.01622e+00 -5.79738e+00
0 -4.01622e+00 -5.79781e+00
0 -4.01622e+00 -5.79886e+00
0 -4.01622e+00 -5.79992e+00
0 -4.01622e+00 -5.79952e+00
0 -4.01622e+00 -5.80058e+00
0 -4.01622e+00 -5.80164e+00
0 -4.01622e+00 -5.80187e+00
0 -4.01622e+00 -5.80289e+00
0 -4.01622e+00 -5.80394e+00
0 -4.01622e+00 -5.80486e+00
0 -4.01622e+00 -5.80589e+00
0 -4.01622e+00 -5.80693e+00
0 -4.01622e+00 -5.80692e+00
0 -4.01622e+00 -5.80795e+00
0 -4.01622e+00 -5.80899e+00
0 -4.01622e+00 -5.81003e+00
0 -4.01622e+00 -5.80869e+00
0 -4.01622e+00 -5.80973e+00
0 -4.01622e+00 -5.81079e+00
0 -4.01622e+00 -5.81121e+00
0 -4.01622e+00 -5.81226e+00
0 -4.01622e+00 -5.81332e+00
0 -4.01622e+00 -5.81436e+00
0 -4.01622e+00 -5.81516e+00
0 -4.01622e+00 -5.81349e+00
0 -4.01622e+00 -5.81454e+00
0 -4.01622e+00 -5.81540e+00
0 -4.01622e+00 -5.81502e+00
0 -4.01622e+00 -5.81507e+00
0 -4.01622e+00 -5.81611e+00
0 -4.01622e+00 -5.81696e+00
0 -4.01622e+00 -5.81796e+00
0 -4.01622e+00 -5.81825e+00
0 -4.01622e+00 -5.81927e+00
0 -4.01622e+00 -5.81929e+00
0 -4.01622e+00 -5.81603e+00
0 -4.01622e+00 -5.81300e+00
0 -4.01622e+00 -5.81299e+00
0 -4.01622e+00 -5.81402e+00
0 -4.01622e+00 -5.81409e+00
0 -4.01622e+00 -5.81478e+00
0 -4.01622e+00 -5.81576e+00
0 -4.01622e+00 -5.81679e+00
0 -4.01622e+00 -5.81783e+00
0 -4.01622e+00 -5.81648e+00
0 -4.01622e+00 -5.81710e+00
0 -4.01622e+00 -5.81778e+00
0 -4.01622e+00 -5.81848e+00
0 -4.01622e+00 -5.81936e+00
0 -4.01622e+00 -5.82039e+00
0 -4.01622e+00 -5.82073e+00
0 -4.01622e+00 -5.81774e+00
0 -4.01622e+00 -5.81875e+00
0 -4.01622e+00 -5.81874e+00
0 -4.01622e+00 -5.81971e+00
0 -4.01622e+00 -5.82064e+00
0 -4.01622e+00 -5.81854e+00
0 -4.01622e+00 -5.81956e+00
0 -4.01622e+00 -5.82051e+00
0 -4.01622e+00 -5.82103e+00
0 -4.01622e+00 -5.81946e+00
0 -4.01622e+00 -5.82047e+00
0 -4.01622e+00 -5.82095e+00
0 -4.01622e+00 -5.82169e+00
0 -4.01622e+00 -5.82061e+00
0 -4.01622e+00 -5.82121e+00
0 -4.01622e+00 -5.81990e+00
0 -4.01622e+00 -5.82090e+00
0 -4.01622e+00 -5.82189e+00
0 -4.01622e+00 -5.81801e+00
0 -4.01622e+00 -5.81901e+00
0 -4.01622e+00 -5.82004e+00
0 -4.01622e+00 -5.81870e+00
0 -4.01622e+00 -5.81903e+00
0 -4.01622e+00 -5.81638e+00
0 -4.01622e+00 -5.81559e+00
0 -4.01622e+00 -5.81286e+00
0 -4.01622e+00 -5.81386e+00
0 -4.01622e+00 -5.81482e+00
0 -4.01622e+00 -5.81579e+00
0 -4.01622e+00 -5.81508e+00
0 -4.01622e+00 -5.81602e+00
0 -4.01622e+00 -5.81703e+00
0 -4.01622e+00 -5.81802e+00
0 -4.01622e+00 -5.81829e+00
0 -4.01622e+00 -5.81843e+00
0 -4.01622e+00 -5.81895e+00
0 -4.01622e+00 -5.81989e+00
0 -4.01622e+00 -5.81901e+00
0 -4.01622e+00 -5.81831e+00
0 -4.01622e+00 -5.81858e+00
0 -4.01622e+00 -5.81956e+00
0 -4.01622e+00 -5.82036e+00
0 -4.01622e+00 -5.81953e+00
0 -4.01622e+00 -5.82052e+00
0 -4.01622e+00 -5.81737e+00
0 -4.01622e+00 -5.81685e+00
0 -4.01622e+00 -5.81784e+00
0 -4.01622e+00 -5.81759e+00
0 -4.01622e+00 -5.81858e+00
0 -4.01622e+00 -5.81922e+00
0 -4.01622e+00 -5.82007e+00
0 -4.01622e+00 -5.82017e+00
0 -4.01622e+00 -5.81644e+00
0 -4.01622e+00 -5.81468e+00
0 -4.01622e+00 -5.81464e+00
0 -4.01622e+00 -5.81522e+00
0 -4.01622e+00 -5.81617e+00
0 -4.01622e+00 -5.81703e+00
0 -4.01622e+00 -5.81783e+00
0 -4.01622e+00 -5.81869e+00
0 -4.01622e+00 -5.81744e+00
0 -4.01622e+00 -5.81842e+00
0 -4.01622e+00 -5.81939e+00
0 -4.01622e+00 -5.82032e+00
0 -4.01622e+00 -5.82132e+00
0 -4.01622e+00 -5.82229e+00
0 -4.01622e+00 -5.82286e+00
0 -4.01622e+00 -5.82366e+00
0 -4.01622e+00 -5.82461e+00
0 -4.01622e+00 -5.82528e+00
0 -4.01622e+00 -5.82610e+00
0 -4.01622e+00 -5.82623e+00
0 -4.01622e+00 -5.82720e+00
0 -4.01622e+00 -5.82552e+00
0 -4.01622e+00 -5.82642e+00
0 -4.01622e+00 -5.82655e+00
0 -4.01622e+00 -5.82752e+00
0 -4.01622e+00 -5.82794e+00
0 -4.01622e+00 -5.82864e+00
0 -4.01622e+00 -5.82961e+00
0 -4.01622e+00 -5.83060e+00
0 -4.01622e+00 -5.83156e+00
0 -4.01622e+00 -5.83254e+00
0 -4.01622e+00 -5.83347e+00
0 -4.01622e+00 -5.83395e+00
0 -4.01622e+00 -5.83077e+00
0 -4.01622e+00 -5.82690e+00
0 -4.01622e+00 -5.82695e+00
0 -4.01622e+00 -5.82787e+00
0 -4.01622e+00 -5.82842e+00
0 -4.01622e+00 -5.82941e+00
0 -4.01622e+00 -5.83014e+00
0 -4.01622e+00 -5.82841e+00
0 -4.01622e+00 -5.82938e+00
0 -4.01622e+00 -5.83035e+00
0 -4.01622e+00 -5.82625e+00
0 -4.01622e+00 -5.82684e+00
0 -4.01622e+00 -5.82760e+00
0 -4.01622e+00 -5.82856e+00
0 -4.01622e+00 -5.82842e+00
0 -4.01622e+00 -5.82937e+00
0 -4.01622e+00 -5.83035e+00
0 -4.01622e+00 -5.83122e+00
0 -4.01622e+00 -5.82913e+00
0 -4.01622e+00 -5.83009e+00
0 -4.01622e+00 -5.83088e+00
0 -4.01622e+00 -5.83183e+00
0 -4.01622e+00 -5.83281e+00
0 -4.01622e+00 -5.83377e+00
0 -4.01622e+00 -5.83475e+00
0 -4.01622e+00 -5.83566e+00
0 -4.01622e+00 -5.83271e+00
0 -4.01622e+00 -5.83329e+00
0 -4.01622e+00 -5.82983e+00
0 -4.01622e+00 -5.83079e+00
0 -4.01622e+00 -5.82990e+00
0 -4.01622e+00 -5.83079e+00
0 -4.01622e+00 -5.82894e+00
0 -4.01622e+00 -5.82567e+00
0 -4.01622e+00 -5.82216e+00
0 -4.01622e+00 -5.81929e+00
0 -4.01622e+00 -5.82021e+00
0 -4.01622e+00 -5.82117e+00
0 -4.01622e+00 -5.82209e+00
0 -4.01622e+00 -5.82156e+00
0 -4.01622e+00 -5.82191e+00
0 -4.01622e+00 -5.81922e+00
0 -4.01622e+00 -5.81774e+00
0 -4.01622e+00 -5.81866e+00
0 -4.01622e+00 -5.81960e+00
0 -4.01622e+00 -5.82053e+00
0 -4.01622e+00 -5.82142e+00
0 -4.01622e+00 -5.82235e+00
0 -4.01622e+00 -5.82329e+00
0 -4.01622e+00 -5.82424e+00
0 -4.01622e+00 -5.82516e+00
0 -4.01622e+00 -5.82611e+00
0 -4.01622e+00 -5.82699e+00
0 -4.01622e+00 -5.82794e+00
0 -4.01622e+00 -5.82887e+00
0 -4.01622e+00 -5.82962e+00
0 -4.01622e+00 -5.82644e+00
0 -4.01622e+00 -5.82738e+00
0 -4.01622e+00 -5.82832e+00
0 -4.01622e+00 -5.82907e+00
0 -4.01622e+00 -5.82993e+00
0 -4.01622e+00 -5.83086e+00
0 -4.01622e+00 -5.82649e+00
0 -4.01622e+00 -5.82689e+00
0 -4.01622e+00 -5.82784e+00
0 -4.01622e+00 -5.82877e+00
0 -4.01622e+00 -5.82972e+00
0 -4.01622e+00 -5.82946e+00
0 -4.01622e+00 -5.82738e+00
0 -4.01622e+00 -5.82752e+00
0 -4.01622e+00 -5.82846e+00
0 -4.01622e+00 -5.82490e+00
0 -4.01622e+00 -5.82585e+00
0 -4.01622e+00 -5.82677e+00
0 -4.01622e+00 -5.82772e+00
0 -4.01622e+00 -5.82743e+00
0 -4.01622e+00 -5.82836e+00
0 -4.01622e+00 -5.82509e+00
0 -4.01622e+00 -5.82602e+00
0 -4.01622e+00 -5.82689e+00
0 -4.01622e+00 -5.82742e+00
0 -4.01622e+00 -5.82600e+00
0 -4.01622e+00 -5.82666e+00
0 -4.01622e+00 -5.82544e+00
0 -4.01622e+00 -5.82593e+00
0 -4.01622e+00 -5.82658e+00
0 -4.01622e+00 -5.82438e+00
0 -4.01622e+00 -5.82531e+00
0 -4.01622e+00 -5.82538e+00
0 -4.01622e+00 -5.82632e+00
0 -4.01622e+00 -5.82720e+00
0 -4.01622e+00 -5.82427e+00
0 -4.01622e+00 -5.82517e+00
0 -4.01622e+00 -5.82364e+00
0 -4.01622e+00 -5.82455e+00
0 -4.01622e+00 -5.82299e+00
0 -4.01622e+00 -5.82388e+00
0 -4.01622e+00 -5.82478e+00
0 -4.01622e+00 -5.82534e+00
0 -4.01622e+00 -5.82309e+00
0 -4.01622e+00 -5.82396e+00
0 -4.01622e+00 -5.82408e+00
0 -4.01622e+00 -5.82118e+00
0 -4.01622e+00 -5.82205e+00
0 -4.01622e+00 -5.82122e+00
0 -4.01622e+00 -5.82004e+00
0 -4.01622e+00 -5.82085e+00
0 -4.01622e+00 -5.81930e+00
0 -4.01622e+00 -5.81926e+00
0 -4.01622e+00 -5.82018e+00
0 -4.01622e+00 -5.82104e+00
0 -4.01622e+00 -5.82186e+00
0 -4.01622e+00 -5.82264e+00
0 -4.01622e+00 -5.82354e+00
0 -4.01622e+00 -5.82390e+00
0 -4.01622e+00 -5.82484e+00
0 -4.01622e+00 -5.82524e+00
0 -4.01622e+00 -5.82614e+00
0 -4.01622e+00 -5.82350e+00
0 -4.01622e+00 -5.82392e+00
0 -4.01622e+00 -5.82486e+00
0 -4.01622e+00 -5.82576e+00
0 -4.01622e+00 -5.82293e+00
0 -4.01622e+00 -5.82325e+00
0 -4.01622e+00 -5.81925e+00
0 -4.01622e+00 -5.81864e+00
0 -4.01622e+00 -5.81848e+00
0 -4.01622e+00 -5.81858e+00
0 -4.01622e+00 -5.81948e+00
0 -4.01622e+00 -5.82039e+00
0 -4.01622e+00 -5.81968e+00
0 -4.01622e+00 -5.82060e+00
0 -4.01622e+00 -5.82129e+00
0 -4.01622e+00 -5.82165e+00
0 -4.01622e+00 -5.81975e+00
0 -4.01622e+00 -5.82035e+00
0 -4.01622e+00 -5.82095e+00
0 -4.01622e+00 -5.81943e+00
0 -4.01622e+00 -5.81624e+00
0 -4.01622e+00 -5.81715e+00
0 -4.01622e+00 -5.81691e+00
0 -4.01622e+00 -5.81731e+00
0 -4.01622e+00 -5.81642e+00
0 -4.01622e+00 -5.81630e+00
0 -4.01622e+00 -5.81720e+00
0 -4.01622e+00 -5.81388e+00
0 -4.01622e+00 -5.81479e+00
0 -4.01622e+00 -5.81529e+00
0 -4.01622e+00 -5.81490e+00
0 -4.01622e+00 -5.81581e+00
0 -4.01622e+00 -5.81568e+00
0 -4.01622e+00 -5.81647e+00
0 -4.01622e+00 -5.81398e+00
0 -4.01622e+00 -5.81488e+00
0 -4.01622e+00 -5.81578e+00
0 -4.01622e+00 -5.81593e+00
0 -4.01622e+00 -5.81684e+00
0 -4.01622e+00 -5.81762e+00
0 -4.01622e+00 -5.81834e+00
0 -4.01622e+00 -5.81868e+00
0 -4.01622e+00 -5.81678e+00
0 -4.01622e+00 -5.81767e+00
0 -4.01622e+00 -5.81757e+00
0 -4.01622e+00 -5.81693e+00
0 -4.01622e+00 -5.81545e+00
0 -4.01622e+00 -5.81586e+00
0 -4.01622e+00 -5.81677e+00
0 -4.01622e+00 -5.81585e+00
0 -4.01622e+00 -5.81295e+00
0 -4.01622e+00 -5.81379e+00
