0 4.34747e+00 -3.74520e+00
0 4.34747e+00 -2.82077e+00
0 4.34747e+00 -2.68899e+00
0 4.34747e+00 -2.06017e+00
0 4.34747e+00 -2.07737e+00
0 4.34747e+00 -2.13743e+00
0 4.34747e+00 -2.42246e+00
0 4.34747e+00 -2.67389e+00
0 4.34747e+00 -2.31829e+00
0 4.34747e+00 -2.07692e+00
0 4.34747e+00 -2.16661e+00
0 4.34747e+00 -2.24870e+00
0 4.34747e+00 -2.10990e+00
0 4.34747e+00 -2.16249e+00
0 4.34747e+00 -2.27256e+00
0 4.34747e+00 -2.07641e+00
0 4.34747e+00 -2.16870e+00
0 4.34747e+00 -2.19276e+00
0 4.34747e+00 -2.22800e+00
0 4.34747e+00 -2.16162e+00
0 4.34747e+00 -2.23492e+00
0 4.34747e+00 -2.28784e+00
0 4.34747e+00 -2.27402e+00
0 4.34747e+00 -2.34933e+00
0 4.34747e+00 -2.41735e+00
0 4.34747e+00 -2.29228e+00
0 4.34747e+00 -2.35897e+00
0 4.34747e+00 -2.36544e+00
0 4.34747e+00 -2.42902e+00
0 4.34747e+00 -2.48821e+00
0 4.34747e+00 -2.51704e+00
0 4.34747e+00 -2.55653e+00
0 4.34747e+00 -2.61463e+00
0 4.34747e+00 -2.67068e+00
0 4.34747e+00 -2.71628e+00
0 4.34747e+00 -2.75255e+00
0 4.34747e+00 -2.76040e+00
0 4.34747e+00 -2.75849e+00
0 4.34747e+00 -2.80679e+00
0 4.34747e+00 -2.83461e+00
0 4.34747e+00 -2.83508e+00
0 4.34747e+00 -2.84485e+00
0 4.34747e+00 -2.87818e+00
0 4.34747e+00 -2.88481e+00
0 4.34747e+00 -2.90343e+00
0 4.34747e+00 -2.93729e+00
0 4.34747e+00 -2.96816e+00
0 4.34747e+00 -2.84999e+00
0 4.34747e+00 -2.88843e+00
0 4.34747e+00 -2.91861e+00
0 4.34747e+00 -2.94495e+00
0 4.34747e+00 -2.97996e+00
0 4.34747e+00 -2.97284e+00
0 4.34747e+00 -2.97592e+00
0 4.34747e+00 -2.99979e+00
0 4.34747e+00 -3.03370e+00
0 4.34747e+00 -3.06288e+00
0 4.34747e+00 -3.08875e+00
0 4.34747e+00 -3.04390e+00
0 4.34747e+00 -2.97218e+00
0 4.34747e+00 -2.89762e+00
0 4.34747e+00 -2.91873e+00
0 4.34747e+00 -2.94379e+00
0 4.34747e+00 -2.90775e+00
0 4.34747e+00 -2.90283e+00
0 4.34747e+00 -2.87009e+00
0 4.34747e+00 -2.83717e+00
0 4.34747e+00 -2.80416e+00
0 4.34747e+00 -2.81481e+00
0 4.34747e+00 -2.78663e+00
0 4.34747e+00 -2.76714e+00
0 4.34747e+00 -2.74009e+00
0 4.34747e+00 -2.76403e+00
0 4.34747e+00 -2.78261e+00
0 4.34747e+00 -2.78155e+00
0 4.34747e+00 -2.71944e+00
0 4.34747e+00 -2.71021e+00
0 4.34747e+00 -2.67709e+00
0 4.34747e+00 -2.66339e+00
0 4.34747e+00 -2.68404e+00
0 4.34747e+00 -2.63485e+00
0 4.34747e+00 -2.64195e+00
0 4.34747e+00 -2.66332e+00
0 4.34747e+00 -2.62028e+00
0 4.34747e+00 -2.63815e+00
0 4.34747e+00 -2.64458e+00
0 4.34747e+00 -2.60624e+00
0 4.34747e+00 -2.61896e+00
0 4.34747e+00 -2.63994e+00
0 4.34747e+00 -2.65943e+00
0 4.34747e+00 -2.60950e+00
0 4.34747e+00 -2.62528e+00
0 4.34747e+00 -2.58773e+00
0 4.34747e+00 -2.58226e+00
0 4.34747e+00 -2.60177e+00
0 4.34747e+00 -2.59280e+00
0 4.34747e+00 -2.59632e+00
0 4.34747e+00 -2.58482e+00
0 4.34747e+00 -2.58152e+00
0 4.34747e+00 -2.55651e+00
0 4.34747e+00 -2.55839e+00
0 4.34747e+00 -2.53038e+00
0 4.34747e+00 -2.52554e+00
0 4.34747e+00 -2.53647e+00
0 4.34747e+00 -2.54542e+00
0 4.34747e+00 -2.56160e+00
0 4.34747e+00 -2.56980e+00
0 4.34747e+00 -2.55997e+00
0 4.34747e+00 -2.56029e+00
0 4.34747e+00 -2.57659e+00
0 4.34747e+00 -2.55685e+00
0 4.34747e+00 -2.56270e+00
0 4.34747e+00 -2.55923e+00
0 4.34747e+00 -2.55140e+00
0 4.34747e+00 -2.53654e+00
0 4.34747e+00 -2.55084e+00
0 4.34747e+00 -2.56492e+00
0 4.34747e+00 -2.58045e+00
0 4.34747e+00 -2.58449e+00
0 4.34747e+00 -2.58046e+00
0 4.34747e+00 -2.59591e+00
0 4.34747e+00 -2.59781e+00
0 4.34747e+00 -2.59108e+00
0 4.34747e+00 -2.59967e+00
0 4.34747e+00 -2.59694e+00
0 4.34747e+00 -2.56030e+00
0 4.34747e+00 -2.53024e+00
0 4.34747e+00 -2.54224e+00
0 4.34747e+00 -2.55049e+00
0 4.34747e+00 -2.56122e+00
0 4.34747e+00 -2.56288e+00
0 4.34747e+00 -2.57732e+00
0 4.34747e+00 -2.58666e+00
0 4.34747e+00 -2.59834e+00
0 4.34747e+00 -2.57916e+00
0 4.34747e+00 -2.59182e+00
0 4.34747e+00 -2.59083e+00
0 4.34747e+00 -2.59430e+00
0 4.34747e+00 -2.59808e+00
0 4.34747e+00 -2.60104e+00
0 4.34747e+00 -2.58002e+00
0 4.34747e+00 -2.56293e+00
0 4.34747e+00 -2.57415e+00
0 4.34747e+00 -2.58664e+00
0 4.34747e+00 -2.58935e+00
0 4.34747e+00 -2.59464e+00
0 4.34747e+00 -2.56876e+00
0 4.34747e+00 -2.57748e+00
0 4.34747e+00 -2.56597e+00
0 4.34747e+00 -2.55861e+00
0 4.34747e+00 -2.56267e+00
0 4.34747e+00 -2.55664e+00
0 4.34747e+00 -2.52641e+00
0 4.34747e+00 -2.53604e+00
0 4.34747e+00 -2.51604e+00
0 4.34747e+00 -2.52175e+00
0 4.34747e+00 -2.51989e+00
0 4.34747e+00 -2.52813e+00
0 4.34747e+00 -2.51033e+00
0 4.34747e+00 -2.51868e+00
0 4.34747e+00 -2.49047e+00
0 4.34747e+00 -2.46949e+00
0 4.34747e+00 -2.47969e+00
0 4.34747e+00 -2.47742e+00
0 4.34747e+00 -2.45513e+00
0 4.34747e+00 -2.46162e+00
0 4.34747e+00 -2.46918e+00
0 4.34747e+00 -2.47908e+00
0 4.34747e+00 -2.48012e+00
0 4.34747e+00 -2.47929e+00
0 4.34747e+00 -2.45530e+00
0 4.34747e+00 -2.43471e+00
0 4.34747e+00 -2.43355e+00
0 4.34747e+00 -2.40998e+00
0 4.34747e+00 -2.40346e+00
0 4.34747e+00 -2.39706e+00
0 4.34747e+00 -2.40734e+00
0 4.34747e+00 -2.40439e+00
0 4.34747e+00 -2.41094e+00
0 4.34747e+00 -2.41121e+00
0 4.34747e+00 -2.42138e+00
0 4.34747e+00 -2.43042e+00
0 4.34747e+00 -2.42386e+00
0 4.34747e+00 -2.42662e+00
0 4.34747e+00 -2.41898e+00
0 4.34747e+00 -2.42307e+00
0 4.34747e+00 -2.40362e+00
0 4.34747e+00 -2.40779e+00
0 4.34747e+00 -2.38928e+00
0 4.34747e+00 -2.36807e+00
0 4.34747e+00 -2.36685e+00
0 4.34747e+00 -2.37440e+00
0 4.34747e+00 -2.38354e+00
0 4.34747e+00 -2.37761e+00
0 4.34747e+00 -2.38706e+00
0 4.34747e+00 -2.39529e+00
0 4.34747e+00 -2.38091e+00
0 4.34747e+00 -2.38686e+00
0 4.34747e+00 -2.39217e+00
0 4.34747e+00 -2.40146e+00
0 4.34747e+00 -2.38673e+00
0 4.34747e+00 -2.38054e+00
0 4.34747e+00 -2.38988e+00
0 4.34747e+00 -2.37683e+00
0 4.34747e+00 -2.37900e+00
0 4.34747e+00 -2.38106e+00
0 4.34747e+00 -2.37424e+00
0 4.34747e+00 -2.38145e+00
0 4.34747e+00 -2.38960e+00
0 4.34747e+00 -2.39647e+00
0 4.34747e+00 -2.39239e+00
0 4.34747e+00 -2.39850e+00
0 4.34747e+00 -2.38514e+00
0 4.34747e+00 -2.38043e+00
0 4.34747e+00 -2.37649e+00
0 4.34747e+00 -2.38092e+00
0 4.34747e+00 -2.38221e+00
0 4.34747e+00 -2.38445e+00
0 4.34747e+00 -2.38636e+00
0 4.34747e+00 -2.38198e+00
0 4.34747e+00 -2.38564e+00
0 4.34747e+00 -2.39421e+00
0 4.34747e+00 -2.39368e+00
0 4.34747e+00 -2.37655e+00
0 4.34747e+00 -2.37363e+00
0 4.34747e+00 -2.36266e+00
0 4.34747e+00 -2.35543e+00
0 4.34747e+00 -2.36296e+00
0 4.34747e+00 -2.35614e+00
0 4.34747e+00 -2.35001e+00
0 4.34747e+00 -2.35755e+00
0 4.34747e+00 -2.35684e+00
0 4.34747e+00 -2.34693e+00
0 4.34747e+00 -2.34805e+00
0 4.34747e+00 -2.33786e+00
0 4.34747e+00 -2.34540e+00
0 4.34747e+00 -2.35289e+00
0 4.34747e+00 -2.33706e+00
0 4.34747e+00 -2.33436e+00
0 4.34747e+00 -2.32999e+00
0 4.34747e+00 -2.32156e+00
0 4.34747e+00 -2.32933e+00
0 4.34747e+00 -2.33242e+00
0 4.34747e+00 -2.33062e+00
0 4.34747e+00 -2.31884e+00
0 4.34747e+00 -2.32222e+00
0 4.34747e+00 -2.32901e+00
0 4.34747e+00 -2.33643e+00
0 4.34747e+00 -2.34305e+00
0 4.34747e+00 -2.34901e+00
0 4.34747e+00 -2.35211e+00
0 4.34747e+00 -2.35638e+00
0 4.34747e+00 -2.36082e+00
0 4.34747e+00 -2.35958e+00
0 4.34747e+00 -2.35066e+00
0 4.34747e+00 -2.35719e+00
0 4.34747e+00 -2.36452e+00
0 4.34747e+00 -2.36987e+00
0 4.34747e+00 -2.37697e+00
0 4.34747e+00 -2.37051e+00
0 4.34747e+00 -2.36774e+00
0 4.34747e+00 -2.37300e+00
0 4.34747e+00 -2.37998e+00
0 4.34747e+00 -2.37847e+00
0 4.34747e+00 -2.37759e+00
0 4.34747e+00 -2.38275e+00
0 4.34747e+00 -2.38451e+00
0 4.34747e+00 -2.38438e+00
0 4.34747e+00 -2.39146e+00
0 4.34747e+00 -2.39474e+00
0 4.34747e+00 -2.39619e+00
0 4.34747e+00 -2.39841e+00
0 4.34747e+00 -2.39422e+00
0 4.34747e+00 -2.39799e+00
0 4.34747e+00 -2.39122e+00
0 4.34747e+00 -2.39310e+00
0 4.34747e+00 -2.39987e+00
0 4.34747e+00 -2.40262e+00
0 4.34747e+00 -2.40333e+00
0 4.34747e+00 -2.40834e+00
0 4.34747e+00 -2.39887e+00
0 4.34747e+00 -2.39389e+00
0 4.34747e+00 -2.40057e+00
0 4.34747e+00 -2.39028e+00
0 4.34747e+00 -2.39372e+00
0 4.34747e+00 -2.38120e+00
0 4.34747e+00 -2.37971e+00
0 4.34747e+00 -2.37368e+00
0 4.34747e+00 -2.36424e+00
0 4.34747e+00 -2.35134e+00
0 4.34747e+00 -2.35091e+00
0 4.34747e+00 -2.35675e+00
0 4.34747e+00 -2.34534e+00
0 4.34747e+00 -2.33795e+00
0 4.34747e+00 -2.33636e+00
0 4.34747e+00 -2.34218e+00
0 4.34747e+00 -2.34142e+00
0 4.34747e+00 -2.34501e+00
0 4.34747e+00 -2.35134e+00
0 4.34747e+00 -2.33829e+00
0 4.34747e+00 -2.33444e+00
0 4.34747e+00 -2.33927e+00
0 4.34747e+00 -2.33412e+00
0 4.34747e+00 -2.33894e+00
0 4.34747e+00 -2.33814e+00
0 4.34747e+00 -2.33414e+00
0 4.34747e+00 -2.32793e+00
0 4.34747e+00 -2.32693e+00
0 4.34747e+00 -2.32519e+00
0 4.34747e+00 -2.32265e+00
0 4.34747e+00 -2.32821e+00
0 4.34747e+00 -2.32810e+00
0 4.34747e+00 -2.33197e+00
0 4.34747e+00 -2.31966e+00
0 4.34747e+00 -2.31692e+00
0 4.34747e+00 -2.32264e+00
0 4.34747e+00 -2.32427e+00
0 4.34747e+00 -2.32810e+00
0 4.34747e+00 -2.32374e+00
0 4.34747e+00 -2.32806e+00
0 4.34747e+00 -2.31981e+00
0 4.34747e+00 -2.32194e+00
0 4.34747e+00 -2.32749e+00
0 4.34747e+00 -2.32574e+00
0 4.34747e+00 -2.33115e+00
0 4.34747e+00 -2.33596e+00
0 4.34747e+00 -2.33454e+00
0 4.34747e+00 -2.33683e+00
0 4.34747e+00 -2.33687e+00
0 4.34747e+00 -2.33501e+00
0 4.34747e+00 -2.33490e+00
0 4.34747e+00 -2.33666e+00
0 4.34747e+00 -2.34191e+00
0 4.34747e+00 -2.33579e+00
0 4.34747e+00 -2.34057e+00
0 4.34747e+00 -2.34136e+00
0 4.34747e+00 -2.34494e+00
0 4.34747e+00 -2.33477e+00
0 4.34747e+00 -2.32964e+00
0 4.34747e+00 -2.33237e+00
0 4.34747e+00 -2.33798e+00
0 4.34747e+00 -2.33635e+00
0 4.34747e+00 -2.34045e+00
0 4.34747e+00 -2.34385e+00
0 4.34747e+00 -2.34757e+00
0 4.34747e+00 -2.35257e+00
0 4.34747e+00 -2.34835e+00
0 4.34747e+00 -2.34915e+00
0 4.34747e+00 -2.34824e+00
0 4.34747e+00 -2.35098e+00
0 4.34747e+00 -2.35471e+00
0 4.34747e+00 -2.35820e+00
0 4.34747e+00 -2.35636e+00
0 4.34747e+00 -2.35556e+00
0 4.34747e+00 -2.35957e+00
0 4.34747e+00 -2.36463e+00
0 4.34747e+00 -2.36888e+00
0 4.34747e+00 -2.37416e+00
0 4.34747e+00 -2.37866e+00
0 4.34747e+00 -2.36922e+00
0 4.34747e+00 -2.37146e+00
0 4.34747e+00 -2.37256e+00
0 4.34747e+00 -2.37346e+00
0 4.34747e+00 -2.37424e+00
0 4.34747e+00 -2.37471e+00
0 4.34747e+00 -2.37668e+00
0 4.34747e+00 -2.37274e+00
0 4.34747e+00 -2.37667e+00
0 4.34747e+00 -2.37838e+00
0 4.34747e+00 -2.38269e+00
0 4.34747e+00 -2.38767e+00
0 4.34747e+00 -2.38979e+00
0 4.34747e+00 -2.39342e+00
0 4.34747e+00 -2.39464e+00
0 4.34747e+00 -2.38531e+00
0 4.34747e+00 -2.38949e+00
0 4.34747e+00 -2.37919e+00
0 4.34747e+00 -2.37310e+00
0 4.34747e+00 -2.37770e+00
0 4.34747e+00 -2.37546e+00
0 4.34747e+00 -2.37910e+00
0 4.34747e+00 -2.37982e+00
0 4.34747e+00 -2.37869e+00
0 4.34747e+00 -2.37972e+00
0 4.34747e+00 -2.37269e+00
0 4.34747e+00 -2.37289e+00
0 4.34747e+00 -2.36809e+00
0 4.34747e+00 -2.37173e+00
0 4.34747e+00 -2.36776e+00
0 4.34747e+00 -2.37137e+00
0 4.34747e+00 -2.37281e+00
0 4.34747e+00 -2.37417e+00
0 4.34747e+00 -2.37403e+00
0 4.34747e+00 -2.36904e+00
0 4.34747e+00 -2.37200e+00
0 4.34747e+00 -2.37070e+00
0 4.34747e+00 -2.36490e+00
0 4.34747e+00 -2.36595e+00
0 4.34747e+00 -2.36518e+00
0 4.34747e+00 -2.36166e+00
0 4.34747e+00 -2.36393e+00
0 4.34747e+00 -2.35762e+00
0 4.34747e+00 -2.35839e+00
0 4.34747e+00 -2.36135e+00
0 4.34747e+00 -2.36539e+00
0 4.34747e+00 -2.36779e+00
0 4.34747e+00 -2.37245e+00
0 4.34747e+00 -2.36799e+00
0 4.34747e+00 -2.37257e+00
0 4.34747e+00 -2.37644e+00
0 4.34747e+00 -2.37956e+00
0 4.34747e+00 -2.38403e+00
0 4.34747e+00 -2.38634e+00
0 4.34747e+00 -2.38964e+00
0 4.34747e+00 -2.38130e+00
0 4.34747e+00 -2.38529e+00
0 4.34747e+00 -2.38903e+00
0 4.34747e+00 -2.39076e+00
0 4.34747e+00 -2.38720e+00
0 4.34747e+00 -2.39056e+00
0 4.34747e+00 -2.39357e+00
0 4.34747e+00 -2.39563e+00
0 4.34747e+00 -2.39876e+00
0 4.34747e+00 -2.39140e+00
0 4.34747e+00 -2.39512e+00
0 4.34747e+00 -2.39756e+00
0 4.34747e+00 -2.40194e+00
0 4.34747e+00 -2.40373e+00
0 4.34747e+00 -2.40773e+00
0 4.34747e+00 -2.41035e+00
0 4.34747e+00 -2.40359e+00
0 4.34747e+00 -2.40309e+00
0 4.34747e+00 -2.40747e+00
0 4.34747e+00 -2.40181e+00
0 4.34747e+00 -2.40115e+00
0 4.34747e+00 -2.39700e+00
0 4.34747e+00 -2.40102e+00
0 4.34747e+00 -2.39661e+00
0 4.34747e+00 -2.39590e+00
0 4.34747e+00 -2.39705e+00
0 4.34747e+00 -2.39787e+00
0 4.34747e+00 -2.40072e+00
0 4.34747e+00 -2.39969e+00
0 4.34747e+00 -2.39956e+00
0 4.34747e+00 -2.40345e+00
0 4.34747e+00 -2.39414e+00
0 4.34747e+00 -2.39360e+00
0 4.34747e+00 -2.39760e+00
0 4.34747e+00 -2.39773e+00
0 4.34747e+00 -2.39233e+00
0 4.34747e+00 -2.39617e+00
0 4.34747e+00 -2.39662e+00
0 4.34747e+00 -2.39230e+00
0 4.34747e+00 -2.39302e+00
0 4.34747e+00 -2.39447e+00
0 4.34747e+00 -2.39606e+00
0 4.34747e+00 -2.39965e+00
0 4.34747e+00 -2.39711e+00
0 4.34747e+00 -2.40119e+00
0 4.34747e+00 -2.40076e+00
0 4.34747e+00 -2.40362e+00
0 4.34747e+00 -2.40674e+00
0 4.34747e+00 -2.40731e+00
0 4.34747e+00 -2.40065e+00
0 4.34747e+00 -2.40422e+00
0 4.34747e+00 -2.40345e+00
0 4.34747e+00 -2.40647e+00
0 4.34747e+00 -2.40774e+00
0 4.34747e+00 -2.41118e+00
0 4.34747e+00 -2.41363e+00
0 4.34747e+00 -2.41606e+00
0 4.34747e+00 -2.41794e+00
0 4.34747e+00 -2.41288e+00
0 4.34747e+00 -2.41636e+00
0 4.34747e+00 -2.41745e+00
0 4.34747e+00 -2.41464e+00
0 4.34747e+00 -2.41856e+00
0 4.34747e+00 -2.42081e+00
0 4.34747e+00 -2.42452e+00
0 4.34747e+00 -2.42393e+00
0 4.34747e+00 -2.42754e+00
0 4.34747e+00 -2.42676e+00
0 4.34747e+00 -2.41935e+00
0 4.34747e+00 -2.42325e+00
0 4.34747e+00 -2.42278e+00
0 4.34747e+00 -2.41712e+00
0 4.34747e+00 -2.42028e+00
0 4.34747e+00 -2.41955e+00
0 4.34747e+00 -2.42239e+00
0 4.34747e+00 -2.41932e+00
0 4.34747e+00 -2.41745e+00
0 4.34747e+00 -2.42121e+00
0 4.34747e+00 -2.42273e+00
0 4.34747e+00 -2.42659e+00
0 4.34747e+00 -2.43038e+00
0 4.34747e+00 -2.43305e+00
0 4.34747e+00 -2.43585e+00
0 4.34747e+00 -2.43668e+00
0 4.34747e+00 -2.43776e+00
0 4.34747e+00 -2.43827e+00
0 4.34747e+00 -2.44161e+00
0 4.34747e+00 -2.44137e+00
0 4.34747e+00 -2.43748e+00
0 4.34747e+00 -2.43109e+00
0 4.34747e+00 -2.43481e+00
0 4.34747e+00 -2.42840e+00
0 4.34747e+00 -2.43081e+00
0 4.34747e+00 -2.43315e+00
0 4.34747e+00 -2.43661e+00
0 4.34747e+00 -2.43726e+00
0 4.34747e+00 -2.43210e+00
0 4.34747e+00 -2.43445e+00
0 4.34747e+00 -2.43405e+00
0 4.34747e+00 -2.43319e+00
0 4.34747e+00 -2.43275e+00
0 4.34747e+00 -2.43524e+00
0 4.34747e+00 -2.43362e+00
0 4.34747e+00 -2.43525e+00
0 4.34747e+00 -2.42932e+00
0 4.34747e+00 -2.43291e+00
0 4.34747e+00 -2.43485e+00
0 4.34747e+00 -2.43845e+00
0 4.34747e+00 -2.43296e+00
0 4.34747e+00 -2.42741e+00
0 4.34747e+00 -2.43061e+00
0 4.34747e+00 -2.43359e+00
0 4.34747e+00 -2.43294e+00
0 4.34747e+00 -2.43072e+00
0 4.34747e+00 -2.43168e+00
0 4.34747e+00 -2.43277e+00
0 4.34747e+00 -2.42836e+00
0 4.34747e+00 -2.43119e+00
0 4.34747e+00 -2.43419e+00
0 4.34747e+00 -2.42867e+00
0 4.34747e+00 -2.42817e+00
0 4.34747e+00 -2.42894e+00
0 4.34747e+00 -2.42813e+00
0 4.34747e+00 -2.42631e+00
0 4.34747e+00 -2.42968e+00
0 4.34747e+00 -2.42752e+00
0 4.34747e+00 -2.43079e+00
0 4.34747e+00 -2.42583e+00
0 4.34747e+00 -2.42377e+00
0 4.34747e+00 -2.42185e+00
0 4.34747e+00 -2.41886e+00
0 4.34747e+00 -2.42139e+00
0 4.34747e+00 -2.42398e+00
0 4.34747e+00 -2.42381e+00
0 4.34747e+00 -2.42721e+00
0 4.34747e+00 -2.42651e+00
0 4.34747e+00 -2.42863e+00
0 4.34747e+00 -2.42853e+00
0 4.34747e+00 -2.43190e+00
0 4.34747e+00 -2.42493e+00
0 4.34747e+00 -2.42714e+00
0 4.34747e+00 -2.43045e+00
0 4.34747e+00 -2.42714e+00
0 4.34747e+00 -2.42086e+00
0 4.34747e+00 -2.41406e+00
0 4.34747e+00 -2.41208e+00
0 4.34747e+00 -2.41461e+00
0 4.34747e+00 -2.41614e+00
0 4.34747e+00 -2.41928e+00
0 4.34747e+00 -2.42233e+00
0 4.34747e+00 -2.42367e+00
0 4.34747e+00 -2.42316e+00
0 4.34747e+00 -2.41614e+00
0 4.34747e+00 -2.41792e+00
0 4.34747e+00 -2.42024e+00
0 4.34747e+00 -2.42255e+00
0 4.34747e+00 -2.42476e+00
0 4.34747e+00 -2.42682e+00
0 4.34747e+00 -2.42815e+00
0 4.34747e+00 -2.42167e+00
0 4.34747e+00 -2.42166e+00
0 4.34747e+00 -2.42134e+00
0 4.34747e+00 -2.42038e+00
0 4.34747e+00 -2.42289e+00
0 4.34747e+00 -2.42306e+00
0 4.34747e+00 -2.42286e+00
0 4.34747e+00 -2.42489e+00
0 4.34747e+00 -2.42809e+00
0 4.34747e+00 -2.42894e+00
0 4.34747e+00 -2.42384e+00
0 4.34747e+00 -2.42427e+00
0 4.34747e+00 -2.42240e+00
0 4.34747e+00 -2.42157e+00
0 4.34747e+00 -2.42353e+00
0 4.34747e+00 -2.42192e+00
0 4.34747e+00 -2.42116e+00
0 4.34747e+00 -2.42009e+00
0 4.34747e+00 -2.41972e+00
0 4.34747e+00 -2.42240e+00
0 4.34747e+00 -2.42095e+00
0 4.34747e+00 -2.42247e+00
0 4.34747e+00 -2.42072e+00
0 4.34747e+00 -2.41704e+00
0 4.34747e+00 -2.41837e+00
0 4.34747e+00 -2.42087e+00
0 4.34747e+00 -2.41527e+00
0 4.34747e+00 -2.41694e+00
0 4.34747e+00 -2.41003e+00
0 4.34747e+00 -2.40877e+00
0 4.34747e+00 -2.41080e+00
0 4.34747e+00 -2.41269e+00
0 4.34747e+00 -2.41563e+00
0 4.34747e+00 -2.41752e+00
0 4.34747e+00 -2.41968e+00
0 4.34747e+00 -2.41790e+00
0 4.34747e+00 -2.41670e+00
0 4.34747e+00 -2.41586e+00
0 4.34747e+00 -2.41492e+00
0 4.34747e+00 -2.41316e+00
0 4.34747e+00 -2.41190e+00
0 4.34747e+00 -2.40846e+00
0 4.34747e+00 -2.41156e+00
0 4.34747e+00 -2.41061e+00
0 4.34747e+00 -2.41356e+00
0 4.34747e+00 -2.41659e+00
0 4.34747e+00 -2.41938e+00
0 4.34747e+00 -2.41338e+00
0 4.34747e+00 -2.41641e+00
0 4.34747e+00 -2.41754e+00
0 4.34747e+00 -2.42045e+00
0 4.34747e+00 -2.41914e+00
0 4.34747e+00 -2.42105e+00
0 4.34747e+00 -2.42381e+00
0 4.34747e+00 -2.41990e+00
0 4.34747e+00 -2.41957e+00
0 4.34747e+00 -2.41929e+00
0 4.34747e+00 -2.42208e+00
0 4.34747e+00 -2.42008e+00
0 4.34747e+00 -2.41942e+00
0 4.34747e+00 -2.42144e+00
0 4.34747e+00 -2.41670e+00
0 4.34747e+00 -2.41938e+00
0 4.34747e+00 -2.42066e+00
0 4.34747e+00 -2.42097e+00
0 4.34747e+00 -2.42065e+00
0 4.34747e+00 -2.41511e+00
0 4.34747e+00 -2.41792e+00
0 4.34747e+00 -2.41605e+00
0 4.34747e+00 -2.41895e+00
0 4.34747e+00 -2.41671e+00
0 4.34747e+00 -2.41920e+00
0 4.34747e+00 -2.42091e+00
0 4.34747e+00 -2.42164e+00
0 4.34747e+00 -2.42459e+00
0 4.34747e+00 -2.42522e+00
0 4.34747e+00 -2.42550e+00
0 4.34747e+00 -2.42586e+00
0 4.34747e+00 -2.42675e+00
0 4.34747e+00 -2.42958e+00
0 4.34747e+00 -2.43172e+00
0 4.34747e+00 -2.43454e+00
0 4.34747e+00 -2.43675e+00
0 4.34747e+00 -2.43963e+00
0 4.34747e+00 -2.43652e+00
0 4.34747e+00 -2.43774e+00
0 4.34747e+00 -2.43938e+00
0 4.34747e+00 -2.43958e+00
0 4.34747e+00 -2.43860e+00
0 4.34747e+00 -2.43420e+00
0 4.34747e+00 -2.43652e+00
0 4.34747e+00 -2.43423e+00
0 4.34747e+00 -2.43192e+00
0 4.34747e+00 -2.43444e+00
0 4.34747e+00 -2.43577e+00
0 4.34747e+00 -2.43781e+00
0 4.34747e+00 -2.43639e+00
0 4.34747e+00 -2.43904e+00
0 4.34747e+00 -2.44080e+00
0 4.34747e+00 -2.44298e+00
0 4.34747e+00 -2.44243e+00
0 4.34747e+00 -2.44193e+00
0 4.34747e+00 -2.43893e+00
0 4.34747e+00 -2.44049e+00
0 4.34747e+00 -2.44305e+00
0 4.34747e+00 -2.43688e+00
0 4.34747e+00 -2.43293e+00
0 4.34747e+00 -2.42846e+00
0 4.34747e+00 -2.42702e+00
0 4.34747e+00 -2.42383e+00
0 4.34747e+00 -2.42169e+00
0 4.34747e+00 -2.42074e+00
0 4.34747e+00 -2.42034e+00
0 4.34747e+00 -2.41469e+00
0 4.34747e+00 -2.41689e+00
0 4.34747e+00 -2.41276e+00
0 4.34747e+00 -2.41532e+00
0 4.34747e+00 -2.41709e+00
0 4.34747e+00 -2.41979e+00
0 4.34747e+00 -2.42049e+00
0 4.34747e+00 -2.42290e+00
0 4.34747e+00 -2.42441e+00
0 4.34747e+00 -2.42202e+00
0 4.34747e+00 -2.42184e+00
0 4.34747e+00 -2.42131e+00
0 4.34747e+00 -2.42299e+00
0 4.34747e+00 -2.42340e+00
0 4.34747e+00 -2.42563e+00
0 4.34747e+00 -2.42103e+00
0 4.34747e+00 -2.42160e+00
0 4.34747e+00 -2.42136e+00
0 4.34747e+00 -2.41977e+00
0 4.34747e+00 -2.42032e+00
0 4.34747e+00 -2.42215e+00
0 4.34747e+00 -2.42279e+00
0 4.34747e+00 -2.42356e+00
0 4.34747e+00 -2.42555e+00
0 4.34747e+00 -2.42801e+00
0 4.34747e+00 -2.42787e+00
0 4.34747e+00 -2.42966e+00
0 4.34747e+00 -2.42974e+00
0 4.34747e+00 -2.43189e+00
0 4.34747e+00 -2.43043e+00
0 4.34747e+00 -2.43090e+00
0 4.34747e+00 -2.42924e+00
0 4.34747e+00 -2.42776e+00
0 4.34747e+00 -2.42994e+00
0 4.34747e+00 -2.43193e+00
0 4.34747e+00 -2.43047e+00
0 4.34747e+00 -2.43201e+00
0 4.34747e+00 -2.43439e+00
0 4.34747e+00 -2.43554e+00
0 4.34747e+00 -2.43429e+00
0 4.34747e+00 -2.43661e+00
0 4.34747e+00 -2.43901e+00
0 4.34747e+00 -2.44089e+00
0 4.34747e+00 -2.44237e+00
0 4.34747e+00 -2.44479e+00
0 4.34747e+00 -2.44587e+00
0 4.34747e+00 -2.44835e+00
0 4.34747e+00 -2.44705e+00
0 4.34747e+00 -2.44833e+00
0 4.34747e+00 -2.44968e+00
0 4.34747e+00 -2.45182e+00
0 4.34747e+00 -2.45437e+00
0 4.34747e+00 -2.45693e+00
0 4.34747e+00 -2.45855e+00
0 4.34747e+00 -2.46076e+00
0 4.34747e+00 -2.46213e+00
0 4.34747e+00 -2.46442e+00
0 4.34747e+00 -2.46112e+00
0 4.34747e+00 -2.45785e+00
0 4.34747e+00 -2.45899e+00
0 4.34747e+00 -2.45726e+00
0 4.34747e+00 -2.45982e+00
0 4.34747e+00 -2.46004e+00
0 4.34747e+00 -2.45725e+00
0 4.34747e+00 -2.45909e+00
0 4.34747e+00 -2.46131e+00
0 4.34747e+00 -2.46293e+00
0 4.34747e+00 -2.46187e+00
0 4.34747e+00 -2.46086e+00
0 4.34747e+00 -2.46025e+00
0 4.34747e+00 -2.45814e+00
0 4.34747e+00 -2.45974e+00
0 4.34747e+00 -2.46193e+00
0 4.34747e+00 -2.46389e+00
0 4.34747e+00 -2.46465e+00
0 4.34747e+00 -2.46604e+00
0 4.34747e+00 -2.46197e+00
0 4.34747e+00 -2.46369e+00
0 4.34747e+00 -2.46592e+00
0 4.34747e+00 -2.46449e+00
0 4.34747e+00 -2.46655e+00
0 4.34747e+00 -2.46781e+00
0 4.34747e+00 -2.46915e+00
0 4.34747e+00 -2.46857e+00
0 4.34747e+00 -2.46517e+00
0 4.34747e+00 -2.46673e+00
0 4.34747e+00 -2.46469e+00
0 4.34747e+00 -2.45920e+00
0 4.34747e+00 -2.45981e+00
0 4.34747e+00 -2.46216e+00
0 4.34747e+00 -2.45880e+00
0 4.34747e+00 -2.46039e+00
0 4.34747e+00 -2.45892e+00
0 4.34747e+00 -2.45658e+00
0 4.34747e+00 -2.45807e+00
0 4.34747e+00 -2.45726e+00
0 4.34747e+00 -2.45790e+00
0 4.34747e+00 -2.45883e+00
0 4.34747e+00 -2.46010e+00
0 4.34747e+00 -2.45832e+00
0 4.34747e+00 -2.45949e+00
0 4.34747e+00 -2.46127e+00
0 4.34747e+00 -2.46353e+00
0 4.34747e+00 -2.46570e+00
0 4.34747e+00 -2.46789e+00
0 4.34747e+00 -2.46999e+00
0 4.34747e+00 -2.46925e+00
0 4.34747e+00 -2.46898e+00
0 4.34747e+00 -2.47013e+00
0 4.34747e+00 -2.47202e+00
0 4.34747e+00 -2.47158e+00
0 4.34747e+00 -2.47245e+00
0 4.34747e+00 -2.47441e+00
0 4.34747e+00 -2.47469e+00
0 4.34747e+00 -2.47337e+00
0 4.34747e+00 -2.46818e+00
0 4.34747e+00 -2.47000e+00
0 4.34747e+00 -2.47056e+00
0 4.34747e+00 -2.47074e+00
0 4.34747e+00 -2.47190e+00
0 4.34747e+00 -2.46885e+00
0 4.34747e+00 -2.47072e+00
0 4.34747e+00 -2.47255e+00
0 4.34747e+00 -2.47468e+00
0 4.34747e+00 -2.47600e+00
0 4.34747e+00 -2.47805e+00
0 4.34747e+00 -2.47916e+00
0 4.34747e+00 -2.48058e+00
0 4.34747e+00 -2.48204e+00
0 4.34747e+00 -2.48431e+00
0 4.34747e+00 -2.48659e+00
0 4.34747e+00 -2.48712e+00
0 4.34747e+00 -2.48808e+00
0 4.34747e+00 -2.48707e+00
0 4.34747e+00 -2.48399e+00
0 4.34747e+00 -2.48603e+00
0 4.34747e+00 -2.48678e+00
0 4.34747e+00 -2.48792e+00
0 4.34747e+00 -2.48972e+00
0 4.34747e+00 -2.48869e+00
0 4.34747e+00 -2.48734e+00
0 4.34747e+00 -2.48861e+00
0 4.34747e+00 -2.48439e+00
0 4.34747e+00 -2.48512e+00
0 4.34747e+00 -2.48738e+00
0 4.34747e+00 -2.48947e+00
0 4.34747e+00 -2.48715e+00
0 4.34747e+00 -2.48899e+00
0 4.34747e+00 -2.48997e+00
0 4.34747e+00 -2.48727e+00
0 4.34747e+00 -2.48824e+00
0 4.34747e+00 -2.48628e+00
0 4.34747e+00 -2.48368e+00
0 4.34747e+00 -2.48509e+00
0 4.34747e+00 -2.48733e+00
0 4.34747e+00 -2.48902e+00
0 4.34747e+00 -2.49079e+00
0 4.34747e+00 -2.49231e+00
0 4.34747e+00 -2.49433e+00
0 4.34747e+00 -2.49383e+00
0 4.34747e+00 -2.49441e+00
0 4.34747e+00 -2.49459e+00
0 4.34747e+00 -2.49437e+00
0 4.34747e+00 -2.49166e+00
0 4.34747e+00 -2.49269e+00
0 4.34747e+00 -2.49283e+00
0 4.34747e+00 -2.49349e+00
0 4.34747e+00 -2.49570e+00
0 4.34747e+00 -2.49757e+00
0 4.34747e+00 -2.49934e+00
0 4.34747e+00 -2.49512e+00
0 4.34747e+00 -2.49276e+00
0 4.34747e+00 -2.49422e+00
0 4.34747e+00 -2.49541e+00
0 4.34747e+00 -2.49592e+00
0 4.34747e+00 -2.49751e+00
0 4.34747e+00 -2.49943e+00
0 4.34747e+00 -2.50162e+00
0 4.34747e+00 -2.50118e+00
0 4.34747e+00 -2.50298e+00
0 4.34747e+00 -2.50357e+00
0 4.34747e+00 -2.50526e+00
0 4.34747e+00 -2.50706e+00
0 4.34747e+00 -2.50426e+00
0 4.34747e+00 -2.50599e+00
0 4.34747e+00 -2.50708e+00
0 4.34747e+00 -2.50919e+00
0 4.34747e+00 -2.50876e+00
0 4.34747e+00 -2.51093e+00
0 4.34747e+00 -2.51286e+00
0 4.34747e+00 -2.51005e+00
0 4.34747e+00 -2.51145e+00
0 4.34747e+00 -2.51138e+00
0 4.34747e+00 -2.51275e+00
0 4.34747e+00 -2.51477e+00
0 4.34747e+00 -2.51561e+00
0 4.34747e+00 -2.51637e+00
0 4.34747e+00 -2.51734e+00
0 4.34747e+00 -2.51480e+00
0 4.34747e+00 -2.51657e+00
0 4.34747e+00 -2.51864e+00
0 4.34747e+00 -2.51928e+00
0 4.34747e+00 -2.51732e+00
0 4.34747e+00 -2.51943e+00
0 4.34747e+00 -2.51723e+00
0 4.34747e+00 -2.51716e+00
0 4.34747e+00 -2.51678e+00
0 4.34747e+00 -2.51827e+00
0 4.34747e+00 -2.52025e+00
0 4.34747e+00 -2.51922e+00
0 4.34747e+00 -2.52104e+00
0 4.34747e+00 -2.52163e+00
0 4.34747e+00 -2.52093e+00
0 4.34747e+00 -2.51944e+00
0 4.34747e+00 -2.52131e+00
0 4.34747e+00 -2.52215e+00
0 4.34747e+00 -2.51716e+00
0 4.34747e+00 -2.51867e+00
0 4.34747e+00 -2.51726e+00
0 4.34747e+00 -2.51859e+00
0 4.34747e+00 -2.52054e+00
0 4.34747e+00 -2.51989e+00
0 4.34747e+00 -2.52196e+00
0 4.34747e+00 -2.52002e+00
0 4.34747e+00 -2.52132e+00
0 4.34747e+00 -2.52061e+00
0 4.34747e+00 -2.52008e+00
0 4.34747e+00 -2.52202e+00
0 4.34747e+00 -2.52314e+00
0 4.34747e+00 -2.52484e+00
0 4.34747e+00 -2.52665e+00
0 4.34747e+00 -2.52357e+00
0 4.34747e+00 -2.52060e+00
0 4.34747e+00 -2.52052e+00
0 4.34747e+00 -2.52223e+00
0 4.34747e+00 -2.52380e+00
0 4.34747e+00 -2.52527e+00
0 4.34747e+00 -2.52585e+00
0 4.34747e+00 -2.52582e+00
0 4.34747e+00 -2.52717e+00
0 4.34747e+00 -2.52910e+00
0 4.34747e+00 -2.53104e+00
0 4.34747e+00 -2.53206e+00
0 4.34747e+00 -2.53394e+00
0 4.34747e+00 -2.53549e+00
0 4.34747e+00 -2.53733e+00
0 4.34747e+00 -2.53615e+00
0 4.34747e+00 -2.53365e+00
0 4.34747e+00 -2.53550e+00
0 4.34747e+00 -2.53298e+00
0 4.34747e+00 -2.53272e+00
0 4.34747e+00 -2.53018e+00
0 4.34747e+00 -2.53152e+00
0 4.34747e+00 -2.52933e+00
0 4.34747e+00 -2.52877e+00
0 4.34747e+00 -2.52977e+00
0 4.34747e+00 -2.53028e+00
0 4.34747e+00 -2.53202e+00
0 4.34747e+00 -2.53340e+00
0 4.34747e+00 -2.53068e+00
0 4.34747e+00 -2.53268e+00
0 4.34747e+00 -2.53371e+00
0 4.34747e+00 -2.53511e+00
0 4.34747e+00 -2.53705e+00
0 4.34747e+00 -2.53854e+00
0 4.34747e+00 -2.53888e+00
0 4.34747e+00 -2.53436e+00
0 4.34747e+00 -2.53571e+00
0 4.34747e+00 -2.53713e+00
0 4.34747e+00 -2.53904e+00
0 4.34747e+00 -2.54060e+00
0 4.34747e+00 -2.54087e+00
0 4.34747e+00 -2.53618e+00
0 4.34747e+00 -2.53183e+00
0 4.34747e+00 -2.52762e+00
0 4.34747e+00 -2.52937e+00
0 4.34747e+00 -2.53079e+00
0 4.34747e+00 -2.53137e+00
0 4.34747e+00 -2.52996e+00
0 4.34747e+00 -2.52853e+00
0 4.34747e+00 -2.52863e+00
0 4.34747e+00 -2.52852e+00
0 4.34747e+00 -2.53016e+00
0 4.34747e+00 -2.53202e+00
0 4.34747e+00 -2.53397e+00
0 4.34747e+00 -2.53441e+00
0 4.34747e+00 -2.53361e+00
0 4.34747e+00 -2.52960e+00
0 4.34747e+00 -2.53108e+00
0 4.34747e+00 -2.53294e+00
0 4.34747e+00 -2.53274e+00
0 4.34747e+00 -2.53148e+00
0 4.34747e+00 -2.53002e+00
0 4.34747e+00 -2.52920e+00
0 4.34747e+00 -2.52890e+00
0 4.34747e+00 -2.53053e+00
0 4.34747e+00 -2.52939e+00
0 4.34747e+00 -2.53031e+00
0 4.34747e+00 -2.52892e+00
0 4.34747e+00 -2.53061e+00
0 4.34747e+00 -2.53153e+00
0 4.34747e+00 -2.53300e+00
0 4.34747e+00 -2.53451e+00
0 4.34747e+00 -2.53634e+00
0 4.34747e+00 -2.53778e+00
0 4.34747e+00 -2.53784e+00
0 4.34747e+00 -2.53429e+00
0 4.34747e+00 -2.53611e+00
0 4.34747e+00 -2.53775e+00
0 4.34747e+00 -2.53825e+00
0 4.34747e+00 -2.53588e+00
0 4.34747e+00 -2.53761e+00
0 4.34747e+00 -2.53799e+00
0 4.34747e+00 -2.53777e+00
0 4.34747e+00 -2.53797e+00
0 4.34747e+00 -2.53980e+00
0 4.34747e+00 -2.53554e+00
0 4.34747e+00 -2.53608e+00
0 4.34747e+00 -2.53546e+00
0 4.34747e+00 -2.53344e+00
0 4.34747e+00 -2.53484e+00
0 4.34747e+00 -2.53553e+00
0 4.34747e+00 -2.53711e+00
0 4.34747e+00 -2.53295e+00
0 4.34747e+00 -2.53404e+00
0 4.34747e+00 -2.53135e+00
0 4.34747e+00 -2.53193e+00
0 4.34747e+00 -2.53315e+00
0 4.34747e+00 -2.53489e+00
0 4.34747e+00 -2.53657e+00
0 4.34747e+00 -2.53839e+00
0 4.34747e+00 -2.54005e+00
0 4.34747e+00 -2.54103e+00
0 4.34747e+00 -2.54273e+00
0 4.34747e+00 -2.54253e+00
0 4.34747e+00 -2.54393e+00
0 4.34747e+00 -2.54103e+00
0 4.34747e+00 -2.54200e+00
0 4.34747e+00 -2.54312e+00
0 4.34747e+00 -2.54472e+00
0 4.34747e+00 -2.54553e+00
0 4.34747e+00 -2.54706e+00
0 4.34747e+00 -2.54863e+00
0 4.34747e+00 -2.55012e+00
0 4.34747e+00 -2.54591e+00
0 4.34747e+00 -2.54332e+00
0 4.34747e+00 -2.54171e+00
0 4.34747e+00 -2.54351e+00
0 4.34747e+00 -2.54534e+00
0 4.34747e+00 -2.54688e+00
0 4.34747e+00 -2.54350e+00
0 4.34747e+00 -2.53991e+00
0 4.34747e+00 -2.54158e+00
0 4.34747e+00 -2.54195e+00
0 4.34747e+00 -2.54374e+00
0 4.34747e+00 -2.54521e+00
0 4.34747e+00 -2.54675e+00
0 4.34747e+00 -2.54630e+00
0 4.34747e+00 -2.54764e+00
0 4.34747e+00 -2.54898e+00
0 4.34747e+00 -2.54966e+00
0 4.34747e+00 -2.54887e+00
0 4.34747e+00 -2.54512e+00
0 4.34747e+00 -2.54450e+00
0 4.34747e+00 -2.54599e+00
0 4.34747e+00 -2.54298e+00
0 4.34747e+00 -2.54458e+00
0 4.34747e+00 -2.54621e+00
0 4.34747e+00 -2.54625e+00
0 4.34747e+00 -2.54658e+00
0 4.34747e+00 -2.54830e+00
0 4.34747e+00 -2.54954e+00
0 4.34747e+00 -2.55081e+00
0 4.34747e+00 -2.54845e+00
0 4.34747e+00 -2.54684e+00
0 4.34747e+00 -2.54615e+00
0 4.34747e+00 -2.54769e+00
0 4.34747e+00 -2.54345e+00
0 4.34747e+00 -2.54393e+00
0 4.34747e+00 -2.54397e+00
0 4.34747e+00 -2.54485e+00
0 4.34747e+00 -2.54589e+00
0 4.34747e+00 -2.54551e+00
0 4.34747e+00 -2.54701e+00
0 4.34747e+00 -2.54760e+00
0 4.34747e+00 -2.54746e+00
0 4.34747e+00 -2.54771e+00
0 4.34747e+00 -2.54718e+00
0 4.34747e+00 -2.54725e+00
0 4.34747e+00 -2.54416e+00
0 4.34747e+00 -2.54583e+00
0 4.34747e+00 -2.54574e+00
0 4.34747e+00 -2.54746e+00
0 4.34747e+00 -2.54424e+00
0 4.34747e+00 -2.54572e+00
0 4.34747e+00 -2.54449e+00
0 4.34747e+00 -2.54618e+00
0 4.34747e+00 -2.54564e+00
0 4.34747e+00 -2.54677e+00
0 4.34747e+00 -2.54331e+00
0 4.34747e+00 -2.54309e+00
0 4.34747e+00 -2.54252e+00
0 4.34747e+00 -2.54162e+00
0 4.34747e+00 -2.54325e+00
0 4.34747e+00 -2.54447e+00
0 4.34747e+00 -2.54162e+00
0 4.34747e+00 -2.54300e+00
0 4.34747e+00 -2.54451e+00
0 4.34747e+00 -2.54596e+00
0 4.34747e+00 -2.54469e+00
0 4.34747e+00 -2.54624e+00
0 4.34747e+00 -2.54660e+00
0 4.34747e+00 -2.54832e+00
0 4.34747e+00 -2.54708e+00
0 4.34747e+00 -2.54851e+00
0 4.34747e+00 -2.54871e+00
0 4.34747e+00 -2.54910e+00
0 4.34747e+00 -2.55081e+00
0 4.34747e+00 -2.55166e+00
0 4.34747e+00 -2.55289e+00
0 4.34747e+00 -2.55161e+00
0 4.34747e+00 -2.54756e+00
0 4.34747e+00 -2.54497e+00
0 4.34747e+00 -2.54637e+00
0 4.34747e+00 -2.54699e+00
0 4.34747e+00 -2.54666e+00
0 4.34747e+00 -2.54706e+00
0 4.34747e+00 -2.54398e+00
0 4.34747e+00 -2.54434e+00
0 4.34747e+00 -2.54387e+00
0 4.34747e+00 -2.54403e+00
0 4.34747e+00 -2.54554e+00
0 4.34747e+00 -2.54579e+00
0 4.34747e+00 -2.54607e+00
0 4.34747e+00 -2.54764e+00
0 4.34747e+00 -2.54902e+00
0 4.34747e+00 -2.54539e+00
0 4.34747e+00 -2.54698e+00
0 4.34747e+00 -2.54690e+00
0 4.34747e+00 -2.54432e+00
0 4.34747e+00 -2.54431e+00
0 4.34747e+00 -2.54343e+00
0 4.34747e+00 -2.54007e+00
0 4.34747e+00 -2.54059e+00
0 4.34747e+00 -2.54215e+00
0 4.34747e+00 -2.54183e+00
0 4.34747e+00 -2.54005e+00
0 4.34747e+00 -2.53930e+00
0 4.34747e+00 -2.54025e+00
0 4.34747e+00 -2.54144e+00
0 4.34747e+00 -2.54095e+00
0 4.34747e+00 -2.54238e+00
0 4.34747e+00 -2.54405e+00
0 4.34747e+00 -2.54520e+00
0 4.34747e+00 -2.54409e+00
0 4.34747e+00 -2.54539e+00
0 4.34747e+00 -2.54612e+00
0 4.34747e+00 -2.54771e+00
0 4.34747e+00 -2.54736e+00
0 4.34747e+00 -2.54764e+00
0 4.34747e+00 -2.54918e+00
0 4.34747e+00 -2.55078e+00
0 4.34747e+00 -2.55226e+00
0 4.34747e+00 -2.55373e+00
0 4.34747e+00 -2.55048e+00
0 4.34747e+00 -2.55193e+00
0 4.34747e+00 -2.55117e+00
0 4.34747e+00 -2.55239e+00
0 4.34747e+00 -2.55382e+00
0 4.34747e+00 -2.55335e+00
0 4.34747e+00 -2.55358e+00
0 4.34747e+00 -2.55426e+00
0 4.34747e+00 -2.55551e+00
0 4.34747e+00 -2.55575e+00
0 4.34747e+00 -2.55703e+00
0 4.34747e+00 -2.55484e+00
0 4.34747e+00 -2.55610e+00
0 4.34747e+00 -2.55760e+00
0 4.34747e+00 -2.55880e+00
0 4.34747e+00 -2.56019e+00
0 4.34747e+00 -2.55952e+00
0 4.34747e+00 -2.55811e+00
0 4.34747e+00 -2.55915e+00
0 4.34747e+00 -2.55585e+00
0 4.34747e+00 -2.55511e+00
0 4.34747e+00 -2.55353e+00
0 4.34747e+00 -2.55441e+00
0 4.34747e+00 -2.55597e+00
0 4.34747e+00 -2.55586e+00
0 4.34747e+00 -2.55555e+00
0 4.34747e+00 -2.55569e+00
0 4.34747e+00 -2.55649e+00
0 4.34747e+00 -2.55806e+00
0 4.34747e+00 -2.55673e+00
0 4.34747e+00 -2.55810e+00
0 4.34747e+00 -2.55885e+00
0 4.34747e+00 -2.56040e+00
0 4.34747e+00 -2.56152e+00
0 4.34747e+00 -2.56284e+00
0 4.34747e+00 -2.55986e+00
0 4.34747e+00 -2.56050e+00
0 4.34747e+00 -2.56207e+00
0 4.34747e+00 -2.56255e+00
0 4.34747e+00 -2.56277e+00
0 4.34747e+00 -2.56134e+00
0 4.34747e+00 -2.56231e+00
0 4.34747e+00 -2.56375e+00
0 4.34747e+00 -2.56426e+00
0 4.34747e+00 -2.56581e+00
0 4.34747e+00 -2.56309e+00
0 4.34747e+00 -2.56377e+00
0 4.34747e+00 -2.56102e+00
0 4.34747e+00 -2.56259e+00
0 4.34747e+00 -2.56108e+00
0 4.34747e+00 -2.56143e+00
0 4.34747e+00 -2.56277e+00
0 4.34747e+00 -2.56218e+00
0 4.34747e+00 -2.56291e+00
0 4.34747e+00 -2.55950e+00
0 4.34747e+00 -2.56032e+00
0 4.34747e+00 -2.56022e+00
0 4.34747e+00 -2.56159e+00
0 4.34747e+00 -2.56008e+00
0 4.34747e+00 -2.56139e+00
0 4.34747e+00 -2.56265e+00
0 4.34747e+00 -2.56309e+00
0 4.34747e+00 -2.56286e+00
0 4.34747e+00 -2.56406e+00
0 4.34747e+00 -2.56493e+00
0 4.34747e+00 -2.56567e+00
0 4.34747e+00 -2.56492e+00
0 4.34747e+00 -2.56583e+00
0 4.34747e+00 -2.56340e+00
0 4.34747e+00 -2.56105e+00
0 4.34747e+00 -2.56179e+00
0 4.34747e+00 -2.56129e+00
0 4.34747e+00 -2.56139e+00
0 4.34747e+00 -2.56063e+00
0 4.34747e+00 -2.56039e+00
0 4.34747e+00 -2.55758e+00
0 4.34747e+00 -2.55881e+00
0 4.34747e+00 -2.55798e+00
0 4.34747e+00 -2.55874e+00
0 4.34747e+00 -2.55653e+00
0 4.34747e+00 -2.55467e+00
0 4.34747e+00 -2.55409e+00
0 4.34747e+00 -2.55171e+00
0 4.34747e+00 -2.55321e+00
0 4.34747e+00 -2.55269e+00
0 4.34747e+00 -2.55421e+00
0 4.34747e+00 -2.55235e+00
0 4.34747e+00 -2.55201e+00
0 4.34747e+00 -2.55034e+00
0 4.34747e+00 -2.54834e+00
0 4.34747e+00 -2.54515e+00
0 4.34747e+00 -2.54598e+00
0 4.34747e+00 -2.54633e+00
0 4.34747e+00 -2.54765e+00
0 4.34747e+00 -2.54810e+00
0 4.34747e+00 -2.54866e+00
0 4.34747e+00 -2.54868e+00
0 4.34747e+00 -2.54821e+00
0 4.34747e+00 -2.54755e+00
0 4.34747e+00 -2.54899e+00
0 4.34747e+00 -2.54594e+00
0 4.34747e+00 -2.54245e+00
0 4.34747e+00 -2.54095e+00
0 4.34747e+00 -2.54170e+00
0 4.34747e+00 -2.54004e+00
0 4.34747e+00 -2.53893e+00
0 4.34747e+00 -2.53923e+00
0 4.34747e+00 -2.53859e+00
0 4.34747e+00 -2.53982e+00
0 4.34747e+00 -2.54041e+00
0 4.34747e+00 -2.54114e+00
0 4.34747e+00 -2.54161e+00
0 4.34747e+00 -2.54072e+00
0 4.34747e+00 -2.53930e+00
0 4.34747e+00 -2.54064e+00
0 4.34747e+00 -2.53717e+00
0 4.34747e+00 -2.53861e+00
0 4.34747e+00 -2.53918e+00
0 4.34747e+00 -2.54067e+00
0 4.34747e+00 -2.53910e+00
0 4.34747e+00 -2.53864e+00
0 4.34747e+00 -2.53959e+00
0 4.34747e+00 -2.53954e+00
0 4.34747e+00 -2.53611e+00
0 4.34747e+00 -2.53283e+00
0 4.34747e+00 -2.53223e+00
0 4.34747e+00 -2.53252e+00
0 4.34747e+00 -2.52953e+00
0 4.34747e+00 -2.52760e+00
0 4.34747e+00 -2.52858e+00
0 4.34747e+00 -2.52865e+00
0 4.34747e+00 -2.52956e+00
0 4.34747e+00 -2.53077e+00
0 4.34747e+00 -2.53158e+00
0 4.34747e+00 -2.53291e+00
0 4.34747e+00 -2.53373e+00
0 4.34747e+00 -2.53484e+00
0 4.34747e+00 -2.53134e+00
0 4.34747e+00 -2.53266e+00
0 4.34747e+00 -2.53325e+00
0 4.34747e+00 -2.53392e+00
0 4.34747e+00 -2.53212e+00
0 4.34747e+00 -2.53359e+00
0 4.34747e+00 -2.53078e+00
0 4.34747e+00 -2.52849e+00
0 4.34747e+00 -2.52915e+00
0 4.34747e+00 -2.53050e+00
0 4.34747e+00 -2.52975e+00
0 4.34747e+00 -2.52964e+00
0 4.34747e+00 -2.53069e+00
0 4.34747e+00 -2.53092e+00
0 4.34747e+00 -2.52901e+00
0 4.34747e+00 -2.53036e+00
0 4.34747e+00 -2.53163e+00
0 4.34747e+00 -2.53171e+00
0 4.34747e+00 -2.53313e+00
0 4.34747e+00 -2.53458e+00
0 4.34747e+00 -2.53451e+00
0 4.34747e+00 -2.53577e+00
0 4.34747e+00 -2.53700e+00
0 4.34747e+00 -2.53825e+00
0 4.34747e+00 -2.53831e+00
0 4.34747e+00 -2.53905e+00
0 4.34747e+00 -2.53787e+00
0 4.34747e+00 -2.53927e+00
0 4.34747e+00 -2.54006e+00
0 4.34747e+00 -2.54087e+00
0 4.34747e+00 -2.54156e+00
0 4.34747e+00 -2.54238e+00
0 4.34747e+00 -2.54205e+00
0 4.34747e+00 -2.54076e+00
0 4.34747e+00 -2.53822e+00
0 4.34747e+00 -2.53791e+00
0 4.34747e+00 -2.53923e+00
0 4.34747e+00 -2.53899e+00
0 4.34747e+00 -2.53998e+00
0 4.34747e+00 -2.53677e+00
0 4.34747e+00 -2.53785e+00
0 4.34747e+00 -2.53766e+00
0 4.34747e+00 -2.53770e+00
0 4.34747e+00 -2.53616e+00
0 4.34747e+00 -2.53755e+00
0 4.34747e+00 -2.53687e+00
0 4.34747e+00 -2.53828e+00
0 4.34747e+00 -2.53528e+00
0 4.34747e+00 -2.53596e+00
0 4.34747e+00 -2.53540e+00
0 4.34747e+00 -2.53402e+00
0 4.34747e+00 -2.53504e+00
0 4.34747e+00 -2.53315e+00
0 4.34747e+00 -2.53286e+00
0 4.34747e+00 -2.53414e+00
0 4.34747e+00 -2.53552e+00
0 4.34747e+00 -2.53654e+00
0 4.34747e+00 -2.53796e+00
0 4.34747e+00 -2.53700e+00
0 4.34747e+00 -2.53755e+00
0 4.34747e+00 -2.53890e+00
0 4.34747e+00 -2.53598e+00
0 4.34747e+00 -2.53693e+00
0 4.34747e+00 -2.53721e+00
0 4.34747e+00 -2.53760e+00
0 4.34747e+00 -2.53891e+00
0 4.34747e+00 -2.53974e+00
0 4.34747e+00 -2.53953e+00
0 4.34747e+00 -2.53971e+00
0 4.34747e+00 -2.53900e+00
0 4.34747e+00 -2.53850e+00
0 4.34747e+00 -2.53671e+00
0 4.34747e+00 -2.53727e+00
0 4.34747e+00 -2.53733e+00
0 4.34747e+00 -2.53771e+00
0 4.34747e+00 -2.53475e+00
0 4.34747e+00 -2.53511e+00
0 4.34747e+00 -2.53632e+00
0 4.34747e+00 -2.53642e+00
0 4.34747e+00 -2.53626e+00
0 4.34747e+00 -2.53506e+00
0 4.34747e+00 -2.53627e+00
0 4.34747e+00 -2.53736e+00
0 4.34747e+00 -2.53757e+00
0 4.34747e+00 -2.53888e+00
0 4.34747e+00 -2.53859e+00
0 4.34747e+00 -2.53749e+00
0 4.34747e+00 -2.53888e+00
0 4.34747e+00 -2.54018e+00
0 4.34747e+00 -2.54101e+00
0 4.34747e+00 -2.54168e+00
0 4.34747e+00 -2.54305e+00
0 4.34747e+00 -2.54307e+00
0 4.34747e+00 -2.53999e+00
0 4.34747e+00 -2.54120e+00
0 4.34747e+00 -2.54022e+00
0 4.34747e+00 -2.54150e+00
0 4.34747e+00 -2.54148e+00
0 4.34747e+00 -2.54208e+00
0 4.34747e+00 -2.53880e+00
0 4.34747e+00 -2.53998e+00
0 4.34747e+00 -2.53773e+00
0 4.34747e+00 -2.53819e+00
0 4.34747e+00 -2.53737e+00
0 4.34747e+00 -2.53867e+00
0 4.34747e+00 -2.53946e+00
0 4.34747e+00 -2.54069e+00
0 4.34747e+00 -2.54200e+00
0 4.34747e+00 -2.54188e+00
0 4.34747e+00 -2.54252e+00
0 4.34747e+00 -2.54346e+00
0 4.34747e+00 -2.54140e+00
0 4.34747e+00 -2.54063e+00
0 4.34747e+00 -2.53842e+00
0 4.34747e+00 -2.53939e+00
0 4.34747e+00 -2.53990e+00
0 4.34747e+00 -2.53705e+00
0 4.34747e+00 -2.53728e+00
0 4.34747e+00 -2.53646e+00
0 4.34747e+00 -2.53684e+00
0 4.34747e+00 -2.53648e+00
0 4.34747e+00 -2.53549e+00
0 4.34747e+00 -2.53619e+00
0 4.34747e+00 -2.53744e+00
0 4.34747e+00 -2.53829e+00
0 4.34747e+00 -2.53956e+00
0 4.34747e+00 -2.54089e+00
0 4.34747e+00 -2.54217e+00
0 4.34747e+00 -2.54210e+00
0 4.34747e+00 -2.54336e+00
0 4.34747e+00 -2.54469e+00
0 4.34747e+00 -2.54600e+00
0 4.34747e+00 -2.54661e+00
0 4.34747e+00 -2.54692e+00
0 4.34747e+00 -2.54822e+00
0 4.34747e+00 -2.54800e+00
0 4.34747e+00 -2.54934e+00
0 4.34747e+00 -2.54799e+00
0 4.34747e+00 -2.54908e+00
0 4.34747e+00 -2.54608e+00
0 4.34747e+00 -2.54647e+00
0 4.34747e+00 -2.54777e+00
0 4.34747e+00 -2.54837e+00
0 4.34747e+00 -2.54673e+00
0 4.34747e+00 -2.54777e+00
0 4.34747e+00 -2.54519e+00
0 4.34747e+00 -2.54607e+00
0 4.34747e+00 -2.54645e+00
0 4.34747e+00 -2.54644e+00
0 4.34747e+00 -2.54770e+00
0 4.34747e+00 -2.54877e+00
0 4.34747e+00 -2.54605e+00
0 4.34747e+00 -2.54627e+00
0 4.34747e+00 -2.54752e+00
0 4.34747e+00 -2.54852e+00
0 4.34747e+00 -2.54972e+00
0 4.34747e+00 -2.55059e+00
0 4.34747e+00 -2.54981e+00
0 4.34747e+00 -2.54799e+00
0 4.34747e+00 -2.54835e+00
0 4.34747e+00 -2.54674e+00
0 4.34747e+00 -2.54792e+00
0 4.34747e+00 -2.54808e+00
0 4.34747e+00 -2.54937e+00
0 4.34747e+00 -2.55068e+00
0 4.34747e+00 -2.55013e+00
0 4.34747e+00 -2.55119e+00
0 4.34747e+00 -2.55197e+00
0 4.34747e+00 -2.55279e+00
0 4.34747e+00 -2.55143e+00
0 4.34747e+00 -2.55267e+00
0 4.34747e+00 -2.55218e+00
0 4.34747e+00 -2.55320e+00
0 4.34747e+00 -2.55437e+00
0 4.34747e+00 -2.55389e+00
0 4.34747e+00 -2.55350e+00
0 4.34747e+00 -2.55359e+00
0 4.34747e+00 -2.55165e+00
0 4.34747e+00 -2.55209e+00
0 4.34747e+00 -2.55309e+00
0 4.34747e+00 -2.55423e+00
0 4.34747e+00 -2.55355e+00
0 4.34747e+00 -2.55279e+00
0 4.34747e+00 -2.55381e+00
0 4.34747e+00 -2.55471e+00
0 4.34747e+00 -2.55347e+00
0 4.34747e+00 -2.55415e+00
0 4.34747e+00 -2.55247e+00
0 4.34747e+00 -2.55293e+00
0 4.34747e+00 -2.55419e+00
0 4.34747e+00 -2.55497e+00
0 4.34747e+00 -2.55373e+00
0 4.34747e+00 -2.55195e+00
0 4.34747e+00 -2.55257e+00
0 4.34747e+00 -2.55382e+00
0 4.34747e+00 -2.55507e+00
0 4.34747e+00 -2.55620e+00
0 4.34747e+00 -2.55679e+00
0 4.34747e+00 -2.55668e+00
0 4.34747e+00 -2.55734e+00
0 4.34747e+00 -2.55731e+00
0 4.34747e+00 -2.55760e+00
0 4.34747e+00 -2.55570e+00
0 4.34747e+00 -2.55562e+00
0 4.34747e+00 -2.55631e+00
0 4.34747e+00 -2.55688e+00
0 4.34747e+00 -2.55535e+00
0 4.34747e+00 -2.55593e+00
0 4.34747e+00 -2.55489e+00
0 4.34747e+00 -2.55441e+00
0 4.34747e+00 -2.55477e+00
0 4.34747e+00 -2.55394e+00
0 4.34747e+00 -2.55395e+00
0 4.34747e+00 -2.55493e+00
0 4.34747e+00 -2.55609e+00
0 4.34747e+00 -2.55524e+00
0 4.34747e+00 -2.55333e+00
0 4.34747e+00 -2.55356e+00
0 4.34747e+00 -2.55474e+00
0 4.34747e+00 -2.55234e+00
0 4.34747e+00 -2.55074e+00
0 4.34747e+00 -2.55182e+00
0 4.34747e+00 -2.55164e+00
0 4.34747e+00 -2.54870e+00
0 4.34747e+00 -2.54571e+00
0 4.34747e+00 -2.54685e+00
0 4.34747e+00 -2.54553e+00
0 4.34747e+00 -2.54576e+00
0 4.34747e+00 -2.54497e+00
0 4.34747e+00 -2.54248e+00
0 4.34747e+00 -2.54341e+00
0 4.34747e+00 -2.54201e+00
0 4.34747e+00 -2.54201e+00
0 4.34747e+00 -2.54297e+00
0 4.34747e+00 -2.54334e+00
0 4.34747e+00 -2.54427e+00
0 4.34747e+00 -2.54348e+00
0 4.34747e+00 -2.54337e+00
0 4.34747e+00 -2.54292e+00
0 4.34747e+00 -2.54011e+00
0 4.34747e+00 -2.54121e+00
0 4.34747e+00 -2.53830e+00
0 4.34747e+00 -2.53824e+00
0 4.34747e+00 -2.53702e+00
0 4.34747e+00 -2.53731e+00
0 4.34747e+00 -2.53851e+00
0 4.34747e+00 -2.53969e+00
0 4.34747e+00 -2.54086e+00
0 4.34747e+00 -2.53956e+00
0 4.34747e+00 -2.53972e+00
0 4.34747e+00 -2.53947e+00
0 4.34747e+00 -2.53715e+00
0 4.34747e+00 -2.53827e+00
0 4.34747e+00 -2.53870e+00
0 4.34747e+00 -2.53790e+00
0 4.34747e+00 -2.53911e+00
0 4.34747e+00 -2.54014e+00
0 4.34747e+00 -2.54095e+00
0 4.34747e+00 -2.53996e+00
0 4.34747e+00 -2.53993e+00
0 4.34747e+00 -2.54100e+00
0 4.34747e+00 -2.54202e+00
0 4.34747e+00 -2.53991e+00
0 4.34747e+00 -2.54087e+00
0 4.34747e+00 -2.54199e+00
0 4.34747e+00 -2.53918e+00
0 4.34747e+00 -2.53809e+00
0 4.34747e+00 -2.53914e+00
0 4.34747e+00 -2.53995e+00
0 4.34747e+00 -2.54092e+00
0 4.34747e+00 -2.53897e+00
0 4.34747e+00 -2.53798e+00
0 4.34747e+00 -2.53520e+00
0 4.34747e+00 -2.53502e+00
0 4.34747e+00 -2.53427e+00
0 4.34747e+00 -2.53304e+00
0 4.34747e+00 -2.53265e+00
0 4.34747e+00 -2.53044e+00
0 4.34747e+00 -2.52972e+00
0 4.34747e+00 -2.52982e+00
0 4.34747e+00 -2.53056e+00
0 4.34747e+00 -2.53109e+00
0 4.34747e+00 -2.53150e+00
0 4.34747e+00 -2.53230e+00
0 4.34747e+00 -2.53261e+00
0 4.34747e+00 -2.53364e+00
0 4.34747e+00 -2.53472e+00
0 4.34747e+00 -2.53585e+00
0 4.34747e+00 -2.53623e+00
0 4.34747e+00 -2.53464e+00
0 4.34747e+00 -2.53425e+00
0 4.34747e+00 -2.53526e+00
0 4.34747e+00 -2.53623e+00
0 4.34747e+00 -2.53600e+00
0 4.34747e+00 -2.53717e+00
0 4.34747e+00 -2.53823e+00
0 4.34747e+00 -2.53744e+00
0 4.34747e+00 -2.53858e+00
0 4.34747e+00 -2.53689e+00
0 4.34747e+00 -2.53721e+00
0 4.34747e+00 -2.53644e+00
0 4.34747e+00 -2.53761e+00
0 4.34747e+00 -2.53644e+00
0 4.34747e+00 -2.53760e+00
0 4.34747e+00 -2.53870e+00
0 4.34747e+00 -2.53909e+00
0 4.34747e+00 -2.53997e+00
0 4.34747e+00 -2.53861e+00
0 4.34747e+00 -2.53745e+00
0 4.34747e+00 -2.53676e+00
0 4.34747e+00 -2.53739e+00
0 4.34747e+00 -2.53856e+00
0 4.34747e+00 -2.53905e+00
0 4.34747e+00 -2.54019e+00
0 4.34747e+00 -2.54095e+00
0 4.34747e+00 -2.54203e+00
0 4.34747e+00 -2.53921e+00
0 4.34747e+00 -2.53895e+00
0 4.34747e+00 -2.53988e+00
0 4.34747e+00 -2.54012e+00
0 4.34747e+00 -2.54121e+00
0 4.34747e+00 -2.54062e+00
0 4.34747e+00 -2.54164e+00
0 4.34747e+00 -2.54282e+00
0 4.34747e+00 -2.54255e+00
0 4.34747e+00 -2.54290e+00
0 4.34747e+00 -2.54352e+00
0 4.34747e+00 -2.54391e+00
0 4.34747e+00 -2.54107e+00
0 4.34747e+00 -2.54201e+00
0 4.34747e+00 -2.54286e+00
0 4.34747e+00 -2.54248e+00
0 4.34747e+00 -2.54223e+00
0 4.34747e+00 -2.54339e+00
0 4.34747e+00 -2.54172e+00
0 4.34747e+00 -2.54166e+00
0 4.34747e+00 -2.54244e+00
0 4.34747e+00 -2.54131e+00
0 4.34747e+00 -2.53930e+00
0 4.34747e+00 -2.54006e+00
0 4.34747e+00 -2.54107e+00
0 4.34747e+00 -2.54168e+00
0 4.34747e+00 -2.54116e+00
0 4.34747e+00 -2.54154e+00
0 4.34747e+00 -2.54254e+00
0 4.34747e+00 -2.54231e+00
0 4.34747e+00 -2.54284e+00
0 4.34747e+00 -2.54366e+00
0 4.34747e+00 -2.54130e+00
0 4.34747e+00 -2.54201e+00
0 4.34747e+00 -2.54168e+00
0 4.34747e+00 -2.54097e+00
0 4.34747e+00 -2.53997e+00
0 4.34747e+00 -2.53737e+00
0 4.34747e+00 -2.53827e+00
0 4.34747e+00 -2.53918e+00
0 4.34747e+00 -2.53897e+00
0 4.34747e+00 -2.53841e+00
0 4.34747e+00 -2.53930e+00
0 4.34747e+00 -2.53784e+00
0 4.34747e+00 -2.53870e+00
0 4.34747e+00 -2.53773e+00
0 4.34747e+00 -2.53633e+00
0 4.34747e+00 -2.53748e+00
0 4.34747e+00 -2.53512e+00
0 4.34747e+00 -2.53506e+00
0 4.34747e+00 -2.53348e+00
0 4.34747e+00 -2.53233e+00
0 4.34747e+00 -2.53329e+00
0 4.34747e+00 -2.53246e+00
0 4.34747e+00 -2.53215e+00
0 4.34747e+00 -2.53230e+00
0 4.34747e+00 -2.53345e+00
0 4.34747e+00 -2.53338e+00
0 4.34747e+00 -2.53339e+00
0 4.34747e+00 -2.53109e+00
0 4.34747e+00 -2.53221e+00
0 4.34747e+00 -2.53301e+00
0 4.34747e+00 -2.53415e+00
0 4.34747e+00 -2.53451e+00
0 4.34747e+00 -2.53466e+00
0 4.34747e+00 -2.53395e+00
0 4.34747e+00 -2.53169e+00
0 4.34747e+00 -2.53036e+00
0 4.34747e+00 -2.52798e+00
0 4.34747e+00 -2.52877e+00
0 4.34747e+00 -2.52899e+00
0 4.34747e+00 -2.52982e+00
0 4.34747e+00 -2.53035e+00
0 4.34747e+00 -2.53146e+00
0 4.34747e+00 -2.53124e+00
0 4.34747e+00 -2.53220e+00
0 4.34747e+00 -2.53142e+00
0 4.34747e+00 -2.53114e+00
0 4.34747e+00 -2.52911e+00
0 4.34747e+00 -2.52956e+00
0 4.34747e+00 -2.52926e+00
0 4.34747e+00 -2.53027e+00
0 4.34747e+00 -2.53136e+00
0 4.34747e+00 -2.53247e+00
0 4.34747e+00 -2.53308e+00
0 4.34747e+00 -2.53262e+00
0 4.34747e+00 -2.53371e+00
0 4.34747e+00 -2.53364e+00
0 4.34747e+00 -2.53286e+00
0 4.34747e+00 -2.53050e+00
0 4.34747e+00 -2.53144e+00
0 4.34747e+00 -2.53208e+00
0 4.34747e+00 -2.53005e+00
0 4.34747e+00 -2.52962e+00
0 4.34747e+00 -2.52822e+00
0 4.34747e+00 -2.52716e+00
0 4.34747e+00 -2.52813e+00
0 4.34747e+00 -2.52687e+00
0 4.34747e+00 -2.52764e+00
0 4.34747e+00 -2.52869e+00
0 4.34747e+00 -2.52784e+00
0 4.34747e+00 -2.52822e+00
0 4.34747e+00 -2.52742e+00
0 4.34747e+00 -2.52757e+00
0 4.34747e+00 -2.52522e+00
0 4.34747e+00 -2.52420e+00
0 4.34747e+00 -2.52485e+00
0 4.34747e+00 -2.52442e+00
0 4.34747e+00 -2.52432e+00
0 4.34747e+00 -2.52539e+00
0 4.34747e+00 -2.52638e+00
0 4.34747e+00 -2.52627e+00
0 4.34747e+00 -2.52705e+00
0 4.34747e+00 -2.52784e+00
0 4.34747e+00 -2.52838e+00
0 4.34747e+00 -2.52766e+00
0 4.34747e+00 -2.52777e+00
0 4.34747e+00 -2.52588e+00
0 4.34747e+00 -2.52593e+00
0 4.34747e+00 -2.52684e+00
0 4.34747e+00 -2.52650e+00
0 4.34747e+00 -2.52712e+00
0 4.34747e+00 -2.52777e+00
0 4.34747e+00 -2.52825e+00
0 4.34747e+00 -2.52589e+00
0 4.34747e+00 -2.52691e+00
0 4.34747e+00 -2.52511e+00
0 4.34747e+00 -2.52421e+00
0 4.34747e+00 -2.52365e+00
0 4.34747e+00 -2.52124e+00
0 4.34747e+00 -2.52219e+00
0 4.34747e+00 -2.51970e+00
0 4.34747e+00 -2.52068e+00
0 4.34747e+00 -2.52115e+00
0 4.34747e+00 -2.52109e+00
0 4.34747e+00 -2.52218e+00
0 4.34747e+00 -2.52327e+00
0 4.34747e+00 -2.52248e+00
0 4.34747e+00 -2.52093e+00
0 4.34747e+00 -2.52027e+00
0 4.34747e+00 -2.51845e+00
0 4.34747e+00 -2.51891e+00
0 4.34747e+00 -2.51984e+00
0 4.34747e+00 -2.51792e+00
0 4.34747e+00 -2.51830e+00
0 4.34747e+00 -2.51765e+00
0 4.34747e+00 -2.51648e+00
0 4.34747e+00 -2.51703e+00
0 4.34747e+00 -2.51722e+00
0 4.34747e+00 -2.51718e+00
0 4.34747e+00 -2.51791e+00
0 4.34747e+00 -2.51737e+00
0 4.34747e+00 -2.51811e+00
0 4.34747e+00 -2.51839e+00
0 4.34747e+00 -2.51873e+00
0 4.34747e+00 -2.51913e+00
0 4.34747e+00 -2.51990e+00
0 4.34747e+00 -2.52000e+00
0 4.34747e+00 -2.51853e+00
0 4.34747e+00 -2.51960e+00
0 4.34747e+00 -2.52054e+00
0 4.34747e+00 -2.51920e+00
0 4.34747e+00 -2.51968e+00
0 4.34747e+00 -2.51740e+00
0 4.34747e+00 -2.51742e+00
0 4.34747e+00 -2.51835e+00
0 4.34747e+00 -2.51941e+00
0 4.34747e+00 -2.51941e+00
0 4.34747e+00 -2.52046e+00
0 4.34747e+00 -2.52066e+00
0 4.34747e+00 -2.52150e+00
0 4.34747e+00 -2.52244e+00
0 4.34747e+00 -2.52196e+00
0 4.34747e+00 -2.52266e+00
0 4.34747e+00 -2.52270e+00
0 4.34747e+00 -2.52360e+00
0 4.34747e+00 -2.52156e+00
0 4.34747e+00 -2.52079e+00
0 4.34747e+00 -2.52102e+00
0 4.34747e+00 -2.52077e+00
0 4.34747e+00 -2.52074e+00
0 4.34747e+00 -2.52176e+00
0 4.34747e+00 -2.52198e+00
0 4.34747e+00 -2.52235e+00
0 4.34747e+00 -2.52172e+00
0 4.34747e+00 -2.52261e+00
0 4.34747e+00 -2.52302e+00
0 4.34747e+00 -2.52233e+00
0 4.34747e+00 -2.52330e+00
0 4.34747e+00 -2.52423e+00
0 4.34747e+00 -2.52519e+00
0 4.34747e+00 -2.52513e+00
0 4.34747e+00 -2.52525e+00
0 4.34747e+00 -2.52584e+00
0 4.34747e+00 -2.52689e+00
0 4.34747e+00 -2.52793e+00
0 4.34747e+00 -2.52791e+00
0 4.34747e+00 -2.52857e+00
0 4.34747e+00 -2.52792e+00
0 4.34747e+00 -2.52681e+00
0 4.34747e+00 -2.52447e+00
0 4.34747e+00 -2.52526e+00
0 4.34747e+00 -2.52279e+00
0 4.34747e+00 -2.52252e+00
0 4.34747e+00 -2.52303e+00
0 4.34747e+00 -2.52178e+00
0 4.34747e+00 -2.52274e+00
0 4.34747e+00 -2.52221e+00
0 4.34747e+00 -2.52221e+00
0 4.34747e+00 -2.52303e+00
0 4.34747e+00 -2.52305e+00
0 4.34747e+00 -2.52408e+00
0 4.34747e+00 -2.52489e+00
0 4.34747e+00 -2.52453e+00
0 4.34747e+00 -2.52557e+00
0 4.34747e+00 -2.52648e+00
0 4.34747e+00 -2.52528e+00
0 4.34747e+00 -2.52283e+00
0 4.34747e+00 -2.52281e+00
0 4.34747e+00 -2.52337e+00
0 4.34747e+00 -2.52377e+00
0 4.34747e+00 -2.52436e+00
0 4.34747e+00 -2.52451e+00
0 4.34747e+00 -2.52521e+00
0 4.34747e+00 -2.52568e+00
0 4.34747e+00 -2.52329e+00
0 4.34747e+00 -2.52415e+00
0 4.34747e+00 -2.52412e+00
0 4.34747e+00 -2.52370e+00
0 4.34747e+00 -2.52473e+00
0 4.34747e+00 -2.52297e+00
0 4.34747e+00 -2.52397e+00
0 4.34747e+00 -2.52467e+00
0 4.34747e+00 -2.52502e+00
0 4.34747e+00 -2.52598e+00
0 4.34747e+00 -2.52519e+00
0 4.34747e+00 -2.52330e+00
0 4.34747e+00 -2.52184e+00
0 4.34747e+00 -2.52244e+00
0 4.34747e+00 -2.52321e+00
0 4.34747e+00 -2.52416e+00
0 4.34747e+00 -2.52444e+00
0 4.34747e+00 -2.52217e+00
0 4.34747e+00 -2.52243e+00
0 4.34747e+00 -2.52317e+00
0 4.34747e+00 -2.52382e+00
0 4.34747e+00 -2.52252e+00
0 4.34747e+00 -2.52326e+00
0 4.34747e+00 -2.52415e+00
0 4.34747e+00 -2.52315e+00
0 4.34747e+00 -2.52262e+00
0 4.34747e+00 -2.52243e+00
0 4.34747e+00 -2.52337e+00
0 4.34747e+00 -2.52347e+00
0 4.34747e+00 -2.52227e+00
0 4.34747e+00 -2.52185e+00
0 4.34747e+00 -2.52259e+00
0 4.34747e+00 -2.52300e+00
0 4.34747e+00 -2.52078e+00
0 4.34747e+00 -2.52169e+00
0 4.34747e+00 -2.52221e+00
0 4.34747e+00 -2.52313e+00
0 4.34747e+00 -2.52202e+00
0 4.34747e+00 -2.52280e+00
0 4.34747e+00 -2.52323e+00
0 4.34747e+00 -2.52400e+00
0 4.34747e+00 -2.52334e+00
0 4.34747e+00 -2.52328e+00
0 4.34747e+00 -2.52345e+00
0 4.34747e+00 -2.52381e+00
0 4.34747e+00 -2.52354e+00
0 4.34747e+00 -2.52448e+00
0 4.34747e+00 -2.52507e+00
0 4.34747e+00 -2.52581e+00
0 4.34747e+00 -2.52591e+00
0 4.34747e+00 -2.52649e+00
0 4.34747e+00 -2.52696e+00
0 4.34747e+00 -2.52736e+00
0 4.34747e+00 -2.52745e+00
0 4.34747e+00 -2.52828e+00
0 4.34747e+00 -2.52921e+00
0 4.34747e+00 -2.52947e+00
0 4.34747e+00 -2.52979e+00
0 4.34747e+00 -2.53037e+00
0 4.34747e+00 -2.53130e+00
0 4.34747e+00 -2.53182e+00
0 4.34747e+00 -2.52963e+00
0 4.34747e+00 -2.53049e+00
0 4.34747e+00 -2.52937e+00
0 4.34747e+00 -2.52913e+00
0 4.34747e+00 -2.52838e+00
0 4.34747e+00 -2.52879e+00
0 4.34747e+00 -2.52912e+00
0 4.34747e+00 -2.52880e+00
0 4.34747e+00 -2.52870e+00
0 4.34747e+00 -2.52890e+00
0 4.34747e+00 -2.52954e+00
0 4.34747e+00 -2.52934e+00
0 4.34747e+00 -2.53005e+00
0 4.34747e+00 -2.52974e+00
0 4.34747e+00 -2.52981e+00
0 4.34747e+00 -2.53057e+00
0 4.34747e+00 -2.53140e+00
0 4.34747e+00 -2.53234e+00
0 4.34747e+00 -2.53245e+00
0 4.34747e+00 -2.53192e+00
0 4.34747e+00 -2.53262e+00
0 4.34747e+00 -2.53268e+00
0 4.34747e+00 -2.53287e+00
0 4.34747e+00 -2.53383e+00
0 4.34747e+00 -2.53454e+00
0 4.34747e+00 -2.53539e+00
0 4.34747e+00 -2.53305e+00
0 4.34747e+00 -2.53369e+00
0 4.34747e+00 -2.53464e+00
0 4.34747e+00 -2.53562e+00
0 4.34747e+00 -2.53565e+00
0 4.34747e+00 -2.53645e+00
0 4.34747e+00 -2.53710e+00
0 4.34747e+00 -2.53527e+00
0 4.34747e+00 -2.53611e+00
0 4.34747e+00 -2.53543e+00
0 4.34747e+00 -2.53315e+00
0 4.34747e+00 -2.53327e+00
0 4.34747e+00 -2.53409e+00
0 4.34747e+00 -2.53440e+00
0 4.34747e+00 -2.53375e+00
0 4.34747e+00 -2.53443e+00
0 4.34747e+00 -2.53533e+00
0 4.34747e+00 -2.53472e+00
0 4.34747e+00 -2.53498e+00
0 4.34747e+00 -2.53455e+00
0 4.34747e+00 -2.53330e+00
0 4.34747e+00 -2.53265e+00
0 4.34747e+00 -2.53268e+00
0 4.34747e+00 -2.53051e+00
0 4.34747e+00 -2.53081e+00
0 4.34747e+00 -2.53162e+00
0 4.34747e+00 -2.53256e+00
0 4.34747e+00 -2.53157e+00
0 4.34747e+00 -2.53072e+00
0 4.34747e+00 -2.53163e+00
0 4.34747e+00 -2.53059e+00
0 4.34747e+00 -2.53150e+00
0 4.34747e+00 -2.53232e+00
0 4.34747e+00 -2.53302e+00
0 4.34747e+00 -2.53356e+00
0 4.34747e+00 -2.53414e+00
0 4.34747e+00 -2.53430e+00
0 4.34747e+00 -2.53397e+00
0 4.34747e+00 -2.53393e+00
0 4.34747e+00 -2.53381e+00
0 4.34747e+00 -2.53269e+00
0 4.34747e+00 -2.53217e+00
0 4.34747e+00 -2.53073e+00
0 4.34747e+00 -2.53046e+00
0 4.34747e+00 -2.52931e+00
0 4.34747e+00 -2.52741e+00
0 4.34747e+00 -2.52740e+00
0 4.34747e+00 -2.52694e+00
0 4.34747e+00 -2.52721e+00
0 4.34747e+00 -2.52652e+00
0 4.34747e+00 -2.52709e+00
0 4.34747e+00 -2.52737e+00
0 4.34747e+00 -2.52688e+00
0 4.34747e+00 -2.52783e+00
0 4.34747e+00 -2.52863e+00
0 4.34747e+00 -2.52670e+00
0 4.34747e+00 -2.52742e+00
0 4.34747e+00 -2.52585e+00
0 4.34747e+00 -2.52666e+00
0 4.34747e+00 -2.52729e+00
0 4.34747e+00 -2.52808e+00
0 4.34747e+00 -2.52892e+00
0 4.34747e+00 -2.52984e+00
0 4.34747e+00 -2.52813e+00
0 4.34747e+00 -2.52768e+00
0 4.34747e+00 -2.52754e+00
0 4.34747e+00 -2.52736e+00
0 4.34747e+00 -2.52797e+00
0 4.34747e+00 -2.52612e+00
0 4.34747e+00 -2.52650e+00
0 4.34747e+00 -2.52740e+00
0 4.34747e+00 -2.52539e+00
0 4.34747e+00 -2.52410e+00
0 4.34747e+00 -2.52336e+00
0 4.34747e+00 -2.52413e+00
0 4.34747e+00 -2.52339e+00
0 4.34747e+00 -2.52420e+00
0 4.34747e+00 -2.52493e+00
0 4.34747e+00 -2.52404e+00
0 4.34747e+00 -2.52487e+00
0 4.34747e+00 -2.52500e+00
0 4.34747e+00 -2.52432e+00
0 4.34747e+00 -2.52470e+00
0 4.34747e+00 -2.52546e+00
0 4.34747e+00 -2.52606e+00
